2 0.01171875 0.46796875 0.0234375 0.115625
2 0.0421875 0.31171875 0.084375 0.1578125
2 0.53203125 0.36640625 0.109375 0.17578125
2 0.05 0.72734375 0.0703125 0.2046875
2 0.42265625 0.965625 0.1890625 0.06875
2 0.5171875 0.734375 0.09765625 0.1625
2 0.69921875 0.2859375 0.2015625 0.109375
2 0.8671875 0.309375 0.109375 0.0609375
2 0.6484375 0.07890625 0.2421875 0.13125
2 0.16015625 0.4203125 0.03125 0.0453125
2 0.37578125 0.4796875 0.021875 0.04296875
2 0.41875 0.2390625 0.05078125 0.0453125
2 0.2796875 0.7046875 0.03515625 0.04296875
2 0.46015625 0.65703125 0.0234375 0.046875
2 0.71875 0.9453125 0.0234375 0.03515625
2 0.08203125 0.253125 0.04296875 0.0484375
2 0.1875 0.09375 0.02734375 0.046875
