2 0.3234375 0.95859375 0.03125 0.02890625
2 0.38671875 0.421875 0.178125 0.1171875
2 0.49140625 0.98125 0.0828125 0.0375
2 0.9046875 0.7265625 0.071875 0.15859375
2 0.72578125 0.5671875 0.1640625 0.103125
2 0.371875 0.2375 0.1171875 0.203125
2 0.45390625 0.0890625 0.06640625 0.1109375
2 0.16015625 0.21015625 0.140625 0.24609375
2 0.30390625 0.7890625 0.0453125 0.0328125
2 0.43671875 0.60859375 0.04296875 0.0234375
2 0.22734375 0.4828125 0.046875 0.053125
2 0.6125 0.7796875 0.0453125 0.0375
2 0.6328125 0.59375 0.046875 0.02734375
2 0.98359375 0.4546875 0.0328125 0.0234375
2 0.11875 0.8015625 0.0484375 0.0453125
2 0.01640625 0.646875 0.0328125 0.03125
2 0.86484375 0.984375 0.02578125 0.02421875
2 0.1671875 0.88203125 0.11171875 0.08984375
