2 0.73828125 0.7109375 0.15625 0.165625
2 0.5734375 0.5625 0.1625 0.1640625
2 0.41796875 0.42578125 0.15234375 0.1578125
2 0.3609375 0.4484375 0.15 0.16015625
2 0.3171875 0.48515625 0.140625 0.15
2 0.26171875 0.2890625 0.15 0.16015625
2 0.9140625 0.8 0.025 0.040625
2 0.97265625 0.90625 0.03515625 0.0484375
2 0.9625 0.875 0.0140625 0.0171875
2 0.55078125 0.18125 0.0640625 0.071875
2 0.10625 0.453125 0.071875 0.0453125
2 0.77421875 0.5671875 0.07421875 0.08984375
2 0.490625 0.384375 0.0703125 0.0546875
