2 0.70390625 0.071875 0.1296875 0.14375
2 0.6796875 0.0796875 0.13125 0.159375
2 0.5953125 0.2421875 0.12890625 0.1390625
2 0.5 0.44609375 0.18125 0.19375
2 0.36875 0.4078125 0.16015625 0.171875
2 0.34296875 0.421875 0.140625 0.15
2 0.3015625 0.60625 0.1390625 0.1328125
2 0.253125 0.625 0.1078125 0.10546875
2 0.41328125 0.74140625 0.165625 0.1546875
2 0.4265625 0.91875 0.1078125 0.1109375
2 0.42265625 0.87578125 0.09375 0.09375
2 0.4328125 0.696875 0.10546875 0.0953125
2 0.1890625 0.70234375 0.01953125 0.0234375
