2 0.23203125 0.30546875 0.0671875 0.0578125
2 0.24375 0.13671875 0.0625 0.0625
2 0.35 0.1671875 0.0671875 0.0890625
2 0.31875 0.25625 0.06953125 0.0484375
2 0.31015625 0.38203125 0.05078125 0.03359375
2 0.3921875 0.484375 0.03828125 0.03125
2 0.428125 0.5015625 0.0359375 0.02890625
2 0.37890625 0.35078125 0.06953125 0.040625
2 0.603125 0.58203125 0.04296875 0.05078125
2 0.40859375 0.2671875 0.06484375 0.06953125
2 0.45546875 0.3796875 0.040625 0.02890625
2 0.46015625 0.33984375 0.05546875 0.05546875
2 0.51953125 0.36328125 0.05078125 0.04296875
2 0.6765625 0.4484375 0.053125 0.05078125
2 0.7171875 0.55390625 0.053125 0.03828125
2 0.69609375 0.63203125 0.04296875 0.02890625
2 0.88203125 0.66953125 0.03359375 0.040625
