2 0.4859375 0.228125 0.00234375 0.03125
2 0.4421875 0.225 0.00546875 0.00546875
2 0.5296875 0.00546875 0.0078125 0.00390625
2 0.528125 0.240625 0.00546875 0.00390625
2 0.0296875 0.28671875 0.00390625 0.0328125
2 0.084375 0.28671875 0.00390625 0.00546875
2 0.1703125 0.0796875 0.00625 0.00546875
2 0.17109375 0.29453125 0.00390625 0.00390625
2 0.24375 0.4359375 0.04453125 0.040625
2 0.2265625 0.4203125 0.00234375 0.00390625
2 0.25859375 0.45078125 0.0015625 0.0015625
2 0.0609375 0.02109375 0.009375 0.0296875
2 0.01171875 0.0109375 0.00390625 0.00546875
2 0.103125 0.0015625 0.00546875 0.00234375
2 0.10234375 0.0015625 0.0078125 0.003125
