2 0.61171875 0.009375 0.0296875 0.01875
2 0.6265625 0.40234375 0.053125 0.05546875
2 0.81484375 0.51328125 0.03359375 0.03828125
2 0.96015625 0.4359375 0.02890625 0.03828125
2 0.8421875 0.37734375 0.021875 0.0359375
2 0.8265625 0.31640625 0.02890625 0.02890625
2 0.78828125 0.3015625 0.02890625 0.03359375
2 0.68984375 0.13828125 0.0265625 0.03359375
2 0.33046875 0.22578125 0.03828125 0.03359375
2 0.5109375 0.18125 0.03359375 0.03125
2 0.61796875 0.1578125 0.03125 0.03359375
2 0.71015625 0.26171875 0.02890625 0.02890625
