2 0.415625 0.06015625 0.03125 0.053125
2 0.334375 0.15859375 0.03125 0.05078125
2 0.22109375 0.09609375 0.03125 0.0453125
2 0.33671875 0.3328125 0.04296875 0.0453125
2 0.3125 0.46171875 0.03125 0.0453125
2 0.31953125 0.771875 0.03125 0.0484375
2 0.27890625 0.82578125 0.021875 0.03125
2 0.33671875 0.53359375 0.02421875 0.03359375
2 0.27734375 0.52421875 0.02421875 0.03125
2 0.26796875 0.39921875 0.02890625 0.0453125
2 0.26171875 0.3296875 0.02890625 0.040625
2 0.14296875 0.24296875 0.03125 0.03828125
2 0.1875 0.1875 0.02890625 0.0484375
2 0.071875 0.1453125 0.03125 0.0484375
2 0.04453125 0.0609375 0.02890625 0.02890625
