2 0.521875 0.42109375 0.03125 0.034375
2 0.53359375 0.49140625 0.03125 0.0265625
2 0.5671875 0.48125 0.021875 0.0234375
2 0.6 0.621875 0.0375 0.0296875
2 0.5609375 0.6484375 0.0296875 0.025
2 0.42109375 0.58125 0.03125 0.021875
2 0.459375 0.58046875 0.021875 0.021875
2 0.45859375 0.60390625 0.01875 0.01875
2 0.43125 0.66640625 0.028125 0.025
2 0.471875 0.6765625 0.03125 0.0234375
2 0.4796875 0.7203125 0.03125 0.025
2 0.38125 0.12578125 0.0328125 0.03125
2 0.353125 0.18515625 0.03125 0.025
2 0.39609375 0.45 0.0296875 0.025
2 0.3125 0.446875 0.025 0.0171875
2 0.33984375 0.61328125 0.0234375 0.021875
2 0.31640625 0.65546875 0.0234375 0.0203125
2 0.34453125 0.63046875 0.021875 0.0171875
2 0.34765625 0.6703125 0.0234375 0.01875
2 0.31796875 0.6734375 0.0171875 0.015625
2 0.35546875 0.69375 0.025 0.021875
2 0.35625 0.71171875 0.015625 0.0171875
2 0.36953125 0.77421875 0.028125 0.0203125
2 0.36875 0.79140625 0.0234375 0.0234375
2 0.371875 0.815625 0.021875 0.0203125
2 0.375 0.83046875 0.015625 0.015625
2 0.3375 0.79296875 0.015625 0.0140625
2 0.34453125 0.8625 0.03125 0.0375
2 0.25234375 0.940625 0.021875 0.028125
2 0.253125 0.91796875 0.0203125 0.025
2 0.2375 0.8953125 0.021875 0.025
2 0.2375 0.87265625 0.028125 0.034375
2 0.21953125 0.83515625 0.015625 0.0203125
2 0.21328125 0.80625 0.025 0.028125
2 0.21640625 0.7796875 0.01875 0.0203125
2 0.1984375 0.79609375 0.01875 0.01875
2 0.196875 0.73515625 0.0234375 0.021875
2 0.19609375 0.4421875 0.0421875 0.021875
2 0.18203125 0.325 0.0390625 0.01875
