2 0.90234375 0.48359375 0.0390625 0.03984375
2 0.57890625 0.178125 0.053125 0.0515625
2 0.6140625 0.93203125 0.03359375 0.04140625
2 0.52578125 0.775 0.03046875 0.0453125
2 0.296875 0.86484375 0.0578125 0.0546875
2 0.67421875 0.7140625 0.06171875 0.05625
2 0.915625 0.78046875 0.03203125 0.0578125
2 0.81640625 0.63359375 0.04921875 0.059375
2 0.93515625 0.60390625 0.03125 0.04609375
2 0.74921875 0.48046875 0.04609375 0.046875
2 0.3703125 0.49609375 0.0484375 0.05078125
2 0.49921875 0.4125 0.053125 0.0609375
2 0.15078125 0.5953125 0.0359375 0.046875
2 0.6671875 0.31484375 0.04375 0.040625
2 0.78203125 0.21484375 0.04921875 0.05703125
2 0.42734375 0.26953125 0.0484375 0.046875
2 0.70546875 0.05546875 0.03359375 0.0421875
