2 0.5 0.5 0.1015625 0.0546875
2 0.303125 0.0375 0.0234375 0.0234375
2 0.15625 0.23515625 0.03125 0.015625
2 0.15703125 0.2859375 0.0390625 0.046875
2 0.2359375 0.37890625 0.040625 0.03125
2 0.0671875 0.3484375 0.03515625 0.03515625
2 0.3171875 0.29375 0.03125 0.03515625
2 0.3265625 0.3 0.0234375 0.0296875
2 0.33203125 0.3046875 0.0234375 0.025
2 0.3453125 0.30546875 0.05625 0.0703125
2 0.35546875 0.3109375 0.0296875 0.0328125
2 0.08671875 0.4921875 0.0296875 0.03125
2 0.234375 0.45234375 0.0375 0.0296875
2 0.23359375 0.50390625 0.0390625 0.0234375
2 0.31640625 0.51171875 0.0328125 0.02734375
2 0.203125 0.5546875 0.03515625 0.021875
2 0.165625 0.57109375 0.0234375 0.0375
2 0.10625 0.6140625 0.0296875 0.025
2 0.1953125 0.6171875 0.0390625 0.0234375
2 0.215625 0.68359375 0.0453125 0.021875
2 0.1359375 0.75 0.040625 0.02734375
2 0.29375 0.7890625 0.04296875 0.021875
2 0.3671875 0.81328125 0.03515625 0.0234375
2 0.3640625 0.6765625 0.0484375 0.025
2 0.45 0.6640625 0.040625 0.01953125
2 0.46484375 0.71953125 0.040625 0.01953125
2 0.54765625 0.7765625 0.05625 0.03515625
2 0.40703125 0.603125 0.05859375 0.0296875
2 0.340625 0.6140625 0.040625 0.03125
2 0.434375 0.85625 0.040625 0.01953125
2 0.64140625 0.86640625 0.046875 0.0296875
2 0.3875 0.478125 0.0328125 0.0375
2 0.96171875 0.5765625 0.0296875 0.0296875
2 0.59453125 0.98125 0.0484375 0.02734375
2 0.6640625 0.3890625 0.08203125 0.08984375
2 0.903125 0.02734375 0.00625 0.0546875
