2 0.5 0.5 0.1 0.0484375
2 0.6640625 0.975 0.021875 0.021875
2 0.82421875 0.78828125 0.0296875 0.0140625
2 0.82734375 0.7359375 0.0375 0.0453125
2 0.7546875 0.63984375 0.0390625 0.0296875
2 0.92109375 0.68046875 0.0328125 0.0328125
2 0.66796875 0.71796875 0.0296875 0.0328125
2 0.66015625 0.71171875 0.021875 0.02734375
2 0.653125 0.70703125 0.021875 0.0234375
2 0.63984375 0.70390625 0.053125 0.06640625
2 0.63125 0.6984375 0.02734375 0.03125
2 0.9125 0.5359375 0.0296875 0.0296875
2 0.76171875 0.56640625 0.03515625 0.02734375
2 0.76640625 0.51484375 0.0375 0.021875
2 0.68359375 0.50078125 0.03125 0.025
2 0.8 0.465625 0.0328125 0.01953125
2 0.8375 0.45234375 0.021875 0.03515625
2 0.9 0.4140625 0.02734375 0.0234375
2 0.8125 0.4046875 0.0375 0.021875
2 0.79609375 0.3359375 0.04296875 0.01953125
2 0.88125 0.275 0.0390625 0.025
2 0.72578125 0.2265625 0.040625 0.01953125
2 0.6546875 0.19609375 0.0328125 0.021875
2 0.64765625 0.334375 0.046875 0.0234375
2 0.5609375 0.33984375 0.0390625 0.0171875
2 0.55 0.2828125 0.0390625 0.0171875
2 0.471875 0.2203125 0.05625 0.03125
2 0.60078125 0.403125 0.05625 0.025
2 0.665625 0.39765625 0.0390625 0.0296875
2 0.590625 0.14921875 0.0390625 0.0171875
2 0.384375 0.125 0.0453125 0.02734375
2 0.61015625 0.5296875 0.03125 0.0375
2 0.0453125 0.39140625 0.02734375 0.02734375
2 0.43828125 0.0140625 0.046875 0.025
