2 0.9296875 0.68828125 0.140625 0.134375
2 0.921875 0.66484375 0.15625 0.134375
2 0.76171875 0.58671875 0.1421875 0.1328125
2 0.55390625 0.49921875 0.19921875 0.1859375
2 0.58671875 0.365625 0.17578125 0.165625
2 0.5734375 0.340625 0.1546875 0.14453125
2 0.38671875 0.30546875 0.13671875 0.140625
2 0.36640625 0.2578125 0.109375 0.1109375
2 0.25625 0.421875 0.1578125 0.1703125
2 0.07890625 0.44140625 0.115625 0.109375
2 0.121875 0.4359375 0.09765625 0.0953125
2 0.30078125 0.4390625 0.1 0.1078125
2 0.2875 0.19609375 0.0234375 0.021875
