2 0.940625 0.309375 0.11875 0.13125
2 0.925 0.32890625 0.14296875 0.13203125
2 0.76640625 0.4109375 0.10859375 0.1265625
2 0.5609375 0.49609375 0.1515625 0.1765625
2 0.5984375 0.62890625 0.15390625 0.1546875
2 0.5609375 0.66171875 0.1296875 0.13984375
2 0.390625 0.6921875 0.103125 0.13671875
2 0.36953125 0.73984375 0.07890625 0.1109375
2 0.25625 0.57421875 0.10703125 0.1546875
2 0.0828125 0.5546875 0.07890625 0.11015625
2 0.125 0.5609375 0.06796875 0.0875
2 0.3046875 0.56015625 0.0640625 0.090625
2 0.2921875 0.80703125 0.034375 0.028125
