2 0.06875 0.68125 0.13671875 0.13671875
2 0.0765625 0.65625 0.15234375 0.13671875
2 0.2375 0.58203125 0.14453125 0.134375
2 0.44609375 0.4984375 0.2015625 0.1875
2 0.41484375 0.3640625 0.178125 0.16796875
2 0.4296875 0.3390625 0.15625 0.146875
2 0.6171875 0.3078125 0.1390625 0.1421875
2 0.6375 0.259375 0.109375 0.1109375
2 0.7453125 0.4265625 0.16015625 0.171875
2 0.921875 0.4484375 0.115625 0.1109375
2 0.87890625 0.4421875 0.09765625 0.0953125
2 0.7 0.44375 0.1 0.1078125
2 0.71875 0.2 0.025 0.021875
