2 0.31171875 0.6515625 0.165625 0.1578125
2 0.5109375 0.546875 0.165625 0.1625
2 0.49375 0.51484375 0.1625 0.1625
2 0.6765625 0.43671875 0.16015625 0.15234375
2 0.66328125 0.40625 0.15625 0.146875
2 0.6546875 0.34375 0.16796875 0.15
2 0.92578125 0.6375 0.11875 0.11328125
2 0.9265625 0.60859375 0.06875 0.0703125
2 0.75625 0.646875 0.05078125 0.0453125
2 0.8109375 0.603125 0.0609375 0.05859375
2 0.3453125 0.88984375 0.078125 0.040625
2 0.27265625 0.89375 0.0609375 0.0296875
2 0.76640625 0.0546875 0.03125 0.021875
2 0.7203125 0.0828125 0.0296875 0.0453125
2 0.7140625 0.10078125 0.0453125 0.0640625
