0 0.846354 0.914062 0.091146 0.122396
0 0.206380 0.967448 0.069010 0.065104
0 0.306641 0.979167 0.069010 0.041667
0 0.405599 0.936849 0.089844 0.097656
0 0.464844 0.833984 0.114583 0.092448
0 0.424479 0.718099 0.122396 0.100260
0 0.333984 0.654297 0.092448 0.110677
0 0.219401 0.584635 0.092448 0.098958
0 0.102865 0.518880 0.093750 0.100260
0 0.246094 0.279297 0.096354 0.115885
0 0.344401 0.230469 0.087240 0.098958
0 0.563151 0.300781 0.097656 0.106771
0 0.681641 0.343099 0.095052 0.105469
0 0.951172 0.276693 0.087240 0.105469
0 0.793620 0.082031 0.102865 0.164062
