0 0.158854 0.279297 0.091146 0.102865
0 0.278646 0.276693 0.085938 0.102865
0 0.385417 0.259115 0.104167 0.119792
0 0.916016 0.044271 0.126302 0.088542
0 0.849609 0.123047 0.095052 0.113281
0 0.737630 0.180990 0.089844 0.111979
0 0.634115 0.253906 0.088542 0.109375
0 0.504557 0.268229 0.097656 0.127604
0 0.953776 0.696615 0.089844 0.132812
0 0.749349 0.727865 0.095052 0.125000
0 0.658203 0.639323 0.074219 0.119792
0 0.542969 0.632812 0.096354 0.125000
0 0.427734 0.608073 0.084635 0.132812
0 0.300781 0.583333 0.101562 0.125000
0 0.164714 0.581380 0.092448 0.139323
