0 0.627604 0.946615 0.111979 0.070312
0 0.564453 0.868490 0.121094 0.080729
0 0.436198 0.768229 0.158854 0.166667
0 0.323568 0.656250 0.092448 0.111979
0 0.214844 0.625000 0.080729 0.109375
0 0.104167 0.613932 0.088542 0.092448
0 0.496094 0.529948 0.104167 0.088542
0 0.053385 0.253255 0.091146 0.092448
0 0.176432 0.261068 0.089844 0.097656
0 0.298177 0.254557 0.083333 0.089844
0 0.423828 0.204427 0.102865 0.125000
0 0.520833 0.127604 0.078125 0.093750
0 0.858724 0.186849 0.087240 0.113281
0 0.923177 0.091797 0.093750 0.089844
