2 0.29609375 0.2140625 0.01796875 0.0203125
2 0.33671875 0.221875 0.0171875 0.01953125
2 0.2859375 0.2421875 0.01953125 0.015625
2 0.3203125 0.2578125 0.02109375 0.021875
2 0.3578125 0.2984375 0.025 0.0203125
2 0.31640625 0.30390625 0.0203125 0.0234375
2 0.26328125 0.30390625 0.021875 0.01875
2 0.21328125 0.44296875 0.01953125 0.02265625
2 0.38515625 0.39453125 0.01796875 0.02421875
2 0.353125 0.45546875 0.02109375 0.021875
2 0.278125 0.50234375 0.01875 0.01484375
2 0.33671875 0.51953125 0.0171875 0.0171875
2 0.2390625 0.56484375 0.01953125 0.01953125
2 0.2984375 0.5703125 0.0203125 0.01796875
2 0.24921875 0.615625 0.0296875 0.0203125
2 0.28046875 0.646875 0.02265625 0.02265625
2 0.33515625 0.69453125 0.0234375 0.01796875
2 0.27890625 0.7171875 0.01953125 0.0203125
2 0.309375 0.73046875 0.01953125 0.02578125
2 0.2734375 0.77421875 0.015625 0.01484375
2 0.2046875 0.87265625 0.01953125 0.01953125
2 0.21328125 0.709375 0.0296875 0.02109375
2 0.1984375 0.62734375 0.02734375 0.021875
2 0.13359375 0.6734375 0.0140625 0.01953125
2 0.1546875 0.72890625 0.01875 0.01796875
2 0.28359375 0.36640625 0.01953125 0.021875
2 0.3390625 0.3515625 0.0203125 0.01875
2 0.284375 0.4359375 0.01875 0.0203125
2 0.28359375 0.27890625 0.0265625 0.01953125
2 0.29140625 0.80625 0.01796875 0.0171875
