0 0.918620 0.904948 0.162760 0.153646
0 0.769531 0.768229 0.158854 0.166667
0 0.656901 0.656250 0.092448 0.111979
0 0.548177 0.625000 0.080729 0.109375
0 0.437500 0.613932 0.088542 0.092448
0 0.300781 0.593099 0.085938 0.115885
0 0.829427 0.529948 0.104167 0.088542
0 0.162109 0.272786 0.097656 0.097656
0 0.285156 0.288411 0.091146 0.108073
0 0.386719 0.253255 0.091146 0.092448
0 0.509766 0.261068 0.089844 0.097656
0 0.631510 0.254557 0.083333 0.089844
0 0.757161 0.204427 0.102865 0.125000
0 0.854167 0.127604 0.078125 0.093750
