0 0.358724 0.262370 0.118490 0.095052
0 0.072266 0.259115 0.141927 0.104167
0 0.071615 0.382812 0.138021 0.098958
0 0.068359 0.501953 0.126302 0.100260
0 0.074219 0.624349 0.130208 0.095052
0 0.067057 0.738932 0.134115 0.089844
0 0.339193 0.503255 0.115885 0.100260
0 0.361979 0.738281 0.135417 0.096354
0 0.856771 0.201823 0.109375 0.111979
0 0.863281 0.309896 0.106771 0.104167
0 0.871094 0.425130 0.109375 0.102865
0 0.860677 0.638021 0.109375 0.111979
0 0.063802 0.856771 0.127604 0.091146
0 0.089844 0.959635 0.132812 0.080729
0 0.352214 0.958984 0.126302 0.082031
0 0.901693 0.963542 0.100260 0.072917
