2 0.5 0.5 0.103125 0.05859375
2 0.1859375 0.8 0.0234375 0.015625
2 0.0703125 0.6640625 0.0453125 0.025
2 0.11875 0.58125 0.0390625 0.02734375
2 0.159375 0.6265625 0.040625 0.025
2 0.2109375 0.60625 0.02734375 0.015625
2 0.221875 0.53828125 0.03515625 0.021875
2 0.31328125 0.55625 0.046875 0.03125
2 0.0265625 0.546875 0.0453125 0.03125
2 0.1375 0.49140625 0.0390625 0.02734375
2 0.125 0.4125 0.040625 0.03515625
2 0.2484375 0.43828125 0.0453125 0.0296875
2 0.1921875 0.325 0.0390625 0.03515625
2 0.35625 0.31875 0.04296875 0.02734375
2 0.31875 0.2015625 0.053125 0.0375
2 0.190625 0.171875 0.040625 0.0328125
2 0.31953125 0.0953125 0.046875 0.0375
2 0.425 0.09296875 0.040625 0.02734375
2 0.46953125 0.17578125 0.05078125 0.0296875
2 0.403125 0.24609375 0.0546875 0.03515625
2 0.6421875 0.61015625 0.01953125 0.015625
2 0.67109375 0.85234375 0.05859375 0.0390625
2 0.94609375 0.93046875 0.040625 0.025
2 0.3609375 0.14765625 0.02734375 0.0234375
2 0.06796875 0.959375 0.1359375 0.08125
2 0.596875 0.6140625 0.0921875 0.05078125
2 0.43671875 0.18828125 0.134375 0.1015625
2 0.709375 0.81953125 0.0765625 0.05859375
2 0.95390625 0.2140625 0.0484375 0.05625
