2 0.3046875 0.46015625 0.0609375 0.0953125
2 0.6921875 0.53828125 0.0609375 0.1015625
2 0.40625 0.36875 0.0390625 0.0390625
2 0.5640625 0.4671875 0.03125 0.0375
2 0.3546875 0.62890625 0.0375 0.05078125
2 0.30625 0.8328125 0.046875 0.05625
2 0.36015625 0.93671875 0.0328125 0.0375
2 0.41484375 0.93046875 0.03515625 0.05078125
2 0.44375 0.85859375 0.03515625 0.040625
2 0.546875 0.8640625 0.021875 0.0234375
2 0.57421875 0.890625 0.0390625 0.040625
2 0.69375 0.909375 0.0375 0.053125
2 0.684375 0.78984375 0.0296875 0.0453125
2 0.6453125 0.80546875 0.03125 0.0453125
2 0.78828125 0.8625 0.02734375 0.040625
2 0.99140625 0.7484375 0.0171875 0.08203125
2 0.97734375 0.759375 0.0171875 0.0171875
2 0.853125 0.328125 0.021875 0.01953125
2 0.9125 0.21484375 0.0390625 0.0453125
