2 0.5 0.5 0.07421875 0.109375
2 0.1546875 0.7640625 0.0171875 0.0234375
2 0.2703125 0.8984375 0.03125 0.046875
2 0.36015625 0.86328125 0.03125 0.040625
2 0.32109375 0.81640625 0.03125 0.04296875
2 0.35 0.76875 0.01953125 0.02734375
2 0.41875 0.76875 0.02734375 0.0375
2 0.41484375 0.675 0.0375 0.05078125
2 0.37890625 0.96015625 0.0375 0.0484375
2 0.45234375 0.859375 0.03125 0.040625
2 0.528125 0.88359375 0.0390625 0.0453125
2 0.521875 0.75859375 0.03515625 0.046875
2 0.625 0.83125 0.0390625 0.04296875
2 0.65703125 0.6703125 0.0328125 0.0453125
2 0.76640625 0.7265625 0.0453125 0.05625
2 0.775 0.8578125 0.0375 0.0453125
2 0.87109375 0.74140625 0.04296875 0.05078125
2 0.890625 0.6375 0.03125 0.04296875
2 0.815625 0.58125 0.0375 0.053125
2 0.7359375 0.6359375 0.04296875 0.05859375
2 0.4140625 0.3421875 0.0171875 0.01953125
2 0.17890625 0.2765625 0.046875 0.0625
2 0.14453125 0.00703125 0.03125 0.0140625
2 0.8265625 0.6921875 0.02734375 0.0296875
2 0.03046875 0.696875 0.0609375 0.16015625
2 0.4 0.38671875 0.0609375 0.0953125
2 0.796875 0.6109375 0.11875 0.14453125
2 0.0171875 0.02265625 0.034375 0.0453125
2 0.85078125 0.0953125 0.0609375 0.05625
