2 0.9875 0.49296875 0.025 0.115625
2 0.9609375 0.33671875 0.078125 0.1625
2 0.475 0.365625 0.1171875 0.178125
2 0.9375 0.75078125 0.0796875 0.2046875
2 0.55078125 0.965625 0.19140625 0.06875
2 0.4703125 0.73359375 0.103125 0.1640625
2 0.31171875 0.2765625 0.203125 0.1171875
2 0.14375 0.28984375 0.1109375 0.06640625
2 0.3734375 0.07109375 0.24609375 0.140625
2 0.84375 0.43828125 0.0328125 0.0453125
2 0.625 0.48515625 0.0234375 0.04296875
2 0.59453125 0.24296875 0.053125 0.046875
2 0.71015625 0.715625 0.0375 0.0453125
2 0.53203125 0.659375 0.02734375 0.046875
2 0.2578125 0.9328125 0.0234375 0.03515625
2 0.93046875 0.275 0.0453125 0.0484375
2 0.8328125 0.11015625 0.03125 0.0484375
