2 0.7078125 0.95390625 0.115625 0.0484375
2 0.8484375 0.88125 0.1625 0.13671875
2 0.61328125 0.421875 0.178125 0.1171875
2 0.4484375 0.98125 0.2046875 0.0375
2 0.07734375 0.74296875 0.1078125 0.19140625
2 0.27421875 0.5671875 0.1640625 0.103125
2 0.628125 0.2375 0.1171875 0.203125
2 0.54609375 0.0890625 0.06640625 0.1109375
2 0.83984375 0.21015625 0.140625 0.24609375
2 0.69609375 0.7890625 0.0453125 0.0328125
2 0.56328125 0.60859375 0.04296875 0.0234375
2 0.77265625 0.4828125 0.046875 0.053125
2 0.3875 0.7796875 0.0453125 0.0375
2 0.3671875 0.59375 0.046875 0.02734375
2 0.01171875 0.4546875 0.0234375 0.0234375
2 0.88125 0.8015625 0.0484375 0.0453125
2 0.98359375 0.646875 0.0328125 0.03125
