2 0.5 0.5 0.103125 0.05859375
2 0.1859375 0.2 0.0234375 0.015625
2 0.0703125 0.3359375 0.0453125 0.025
2 0.11875 0.41875 0.0390625 0.02734375
2 0.159375 0.3734375 0.040625 0.025
2 0.2109375 0.39375 0.02734375 0.015625
2 0.221875 0.46171875 0.03515625 0.021875
2 0.31328125 0.44375 0.046875 0.03125
2 0.0265625 0.453125 0.0453125 0.03125
2 0.1375 0.50859375 0.0390625 0.02734375
2 0.125 0.5875 0.040625 0.03515625
2 0.2484375 0.56171875 0.0453125 0.0296875
2 0.1921875 0.675 0.0390625 0.03515625
2 0.35625 0.68125 0.04296875 0.02734375
2 0.31875 0.7984375 0.053125 0.0375
2 0.190625 0.828125 0.040625 0.0328125
2 0.31953125 0.9046875 0.046875 0.0375
2 0.425 0.90703125 0.040625 0.02734375
2 0.46953125 0.82421875 0.05078125 0.0296875
2 0.403125 0.75390625 0.0546875 0.03515625
2 0.6421875 0.38984375 0.01953125 0.015625
2 0.67109375 0.14765625 0.05859375 0.0390625
2 0.94609375 0.06953125 0.040625 0.025
2 0.3609375 0.85234375 0.02734375 0.0234375
2 0.06796875 0.040625 0.1359375 0.08125
2 0.596875 0.3859375 0.0921875 0.05078125
2 0.43671875 0.81171875 0.134375 0.1015625
2 0.709375 0.18046875 0.0765625 0.05859375
2 0.95390625 0.7859375 0.0484375 0.05625
