2 0.0125 0.50703125 0.025 0.115625
2 0.0390625 0.66328125 0.078125 0.1625
2 0.525 0.634375 0.1171875 0.178125
2 0.0625 0.24921875 0.0796875 0.2046875
2 0.44921875 0.034375 0.19140625 0.06875
2 0.5296875 0.26640625 0.103125 0.1640625
2 0.68828125 0.7234375 0.203125 0.1171875
2 0.85625 0.71015625 0.1109375 0.06640625
2 0.6265625 0.92890625 0.24609375 0.140625
2 0.15625 0.56171875 0.0328125 0.0453125
2 0.375 0.51484375 0.0234375 0.04296875
2 0.40546875 0.75703125 0.053125 0.046875
2 0.28984375 0.284375 0.0375 0.0453125
2 0.46796875 0.340625 0.02734375 0.046875
2 0.7421875 0.0671875 0.0234375 0.03515625
2 0.06953125 0.725 0.0453125 0.0484375
2 0.1671875 0.88984375 0.03125 0.0484375
