2 0.98828125 0.53203125 0.0234375 0.115625
2 0.9578125 0.68828125 0.084375 0.1578125
2 0.46796875 0.63359375 0.109375 0.17578125
2 0.95 0.27265625 0.0703125 0.2046875
2 0.57734375 0.034375 0.1890625 0.06875
2 0.4828125 0.265625 0.09765625 0.1625
2 0.30078125 0.7140625 0.2015625 0.109375
2 0.1328125 0.690625 0.109375 0.0609375
2 0.3515625 0.92109375 0.2421875 0.13125
2 0.83984375 0.5796875 0.03125 0.0453125
2 0.62421875 0.5203125 0.021875 0.04296875
2 0.58125 0.7609375 0.05078125 0.0453125
2 0.7203125 0.2953125 0.03515625 0.04296875
2 0.53984375 0.34296875 0.0234375 0.046875
2 0.28125 0.0546875 0.0234375 0.03515625
2 0.91796875 0.746875 0.04296875 0.0484375
2 0.8125 0.90625 0.02734375 0.046875
