2 0.5 0.5 0.1 0.0484375
2 0.3359375 0.975 0.021875 0.021875
2 0.17578125 0.78828125 0.0296875 0.0140625
2 0.17265625 0.7359375 0.0375 0.0453125
2 0.2453125 0.63984375 0.0390625 0.0296875
2 0.07890625 0.68046875 0.0328125 0.0328125
2 0.33203125 0.71796875 0.0296875 0.0328125
2 0.33984375 0.71171875 0.021875 0.02734375
2 0.346875 0.70703125 0.021875 0.0234375
2 0.36015625 0.70390625 0.053125 0.06640625
2 0.36875 0.6984375 0.02734375 0.03125
2 0.0875 0.5359375 0.0296875 0.0296875
2 0.23828125 0.56640625 0.03515625 0.02734375
2 0.23359375 0.51484375 0.0375 0.021875
2 0.31640625 0.50078125 0.03125 0.025
2 0.2 0.465625 0.0328125 0.01953125
2 0.1625 0.45234375 0.021875 0.03515625
2 0.1 0.4140625 0.02734375 0.0234375
2 0.1875 0.4046875 0.0375 0.021875
2 0.20390625 0.3359375 0.04296875 0.01953125
2 0.11875 0.275 0.0390625 0.025
2 0.27421875 0.2265625 0.040625 0.01953125
2 0.3453125 0.19609375 0.0328125 0.021875
2 0.35234375 0.334375 0.046875 0.0234375
2 0.4390625 0.33984375 0.0390625 0.0171875
2 0.45 0.2828125 0.0390625 0.0171875
2 0.528125 0.2203125 0.05625 0.03125
2 0.39921875 0.403125 0.05625 0.025
2 0.334375 0.39765625 0.0390625 0.0296875
2 0.409375 0.14921875 0.0390625 0.0171875
2 0.615625 0.125 0.0453125 0.02734375
2 0.38984375 0.5296875 0.03125 0.0375
2 0.9546875 0.39140625 0.02734375 0.02734375
2 0.5609375 0.0140625 0.046875 0.025
