2 0.6953125 0.53984375 0.0609375 0.0953125
2 0.3078125 0.46171875 0.0609375 0.1015625
2 0.59375 0.63125 0.0390625 0.0390625
2 0.4359375 0.5328125 0.03125 0.0375
2 0.6453125 0.37109375 0.0375 0.05078125
2 0.69375 0.1671875 0.046875 0.05625
2 0.63984375 0.06328125 0.0328125 0.0375
2 0.58515625 0.06953125 0.03515625 0.05078125
2 0.55625 0.14140625 0.03515625 0.040625
2 0.453125 0.1359375 0.021875 0.0234375
2 0.42578125 0.109375 0.0390625 0.040625
2 0.30625 0.090625 0.0375 0.053125
2 0.315625 0.21015625 0.0296875 0.0453125
2 0.3546875 0.19453125 0.03125 0.0453125
2 0.21171875 0.1375 0.02734375 0.040625
2 0.00859375 0.25 0.0171875 0.08203125
2 0.02265625 0.240625 0.0171875 0.0171875
2 0.146875 0.671875 0.021875 0.01953125
2 0.0875 0.78515625 0.0390625 0.0453125
