2 0.5 0.5 0.1015625 0.0546875
2 0.303125 0.9625 0.0234375 0.0234375
2 0.15625 0.76484375 0.03125 0.015625
2 0.15703125 0.7140625 0.0390625 0.046875
2 0.2359375 0.62109375 0.040625 0.03125
2 0.0671875 0.6515625 0.03515625 0.03515625
2 0.3171875 0.70625 0.03125 0.03515625
2 0.3265625 0.7 0.0234375 0.0296875
2 0.33203125 0.6953125 0.0234375 0.025
2 0.3453125 0.69453125 0.05625 0.0703125
2 0.35546875 0.6890625 0.0296875 0.0328125
2 0.08671875 0.5078125 0.0296875 0.03125
2 0.234375 0.54765625 0.0375 0.0296875
2 0.23359375 0.49609375 0.0390625 0.0234375
2 0.31640625 0.48828125 0.0328125 0.02734375
2 0.203125 0.4453125 0.03515625 0.021875
2 0.165625 0.42890625 0.0234375 0.0375
2 0.10625 0.3859375 0.0296875 0.025
2 0.1953125 0.3828125 0.0390625 0.0234375
2 0.215625 0.31640625 0.0453125 0.021875
2 0.1359375 0.25 0.040625 0.02734375
2 0.29375 0.2109375 0.04296875 0.021875
2 0.3671875 0.18671875 0.03515625 0.0234375
2 0.3640625 0.3234375 0.0484375 0.025
2 0.45 0.3359375 0.040625 0.01953125
2 0.46484375 0.28046875 0.040625 0.01953125
2 0.54765625 0.2234375 0.05625 0.03515625
2 0.40703125 0.396875 0.05859375 0.0296875
2 0.340625 0.3859375 0.040625 0.03125
2 0.434375 0.14375 0.040625 0.01953125
2 0.64140625 0.13359375 0.046875 0.0296875
2 0.3875 0.521875 0.0328125 0.0375
2 0.96171875 0.4234375 0.0296875 0.0296875
2 0.59453125 0.01875 0.0484375 0.02734375
2 0.6640625 0.6109375 0.08203125 0.08984375
2 0.903125 0.97265625 0.00625 0.0546875
