2 0.5 0.5 0.07421875 0.109375
2 0.8453125 0.2359375 0.0171875 0.0234375
2 0.7296875 0.1015625 0.03125 0.046875
2 0.63984375 0.13671875 0.03125 0.040625
2 0.67890625 0.18359375 0.03125 0.04296875
2 0.65 0.23125 0.01953125 0.02734375
2 0.58125 0.23125 0.02734375 0.0375
2 0.58515625 0.325 0.0375 0.05078125
2 0.62109375 0.03984375 0.0375 0.0484375
2 0.54765625 0.140625 0.03125 0.040625
2 0.471875 0.11640625 0.0390625 0.0453125
2 0.478125 0.24140625 0.03515625 0.046875
2 0.375 0.16875 0.0390625 0.04296875
2 0.34296875 0.3296875 0.0328125 0.0453125
2 0.23359375 0.2734375 0.0453125 0.05625
2 0.225 0.1421875 0.0375 0.0453125
2 0.12890625 0.25859375 0.04296875 0.05078125
2 0.109375 0.3625 0.03125 0.04296875
2 0.184375 0.41875 0.0375 0.053125
2 0.2640625 0.3640625 0.04296875 0.05859375
2 0.5859375 0.6578125 0.0171875 0.01953125
2 0.82109375 0.7234375 0.046875 0.0625
2 0.85546875 0.99296875 0.03125 0.0140625
2 0.1734375 0.3078125 0.02734375 0.0296875
2 0.96953125 0.303125 0.0609375 0.16015625
2 0.6 0.61328125 0.0609375 0.0953125
2 0.203125 0.3890625 0.11875 0.14453125
2 0.9828125 0.97734375 0.034375 0.0453125
2 0.14921875 0.9046875 0.0609375 0.05625
