2 0.5 0.5 0.1 0.0484375
2 0.6640625 0.025 0.021875 0.021875
2 0.82421875 0.21171875 0.0296875 0.0140625
2 0.82734375 0.2640625 0.0375 0.0453125
2 0.7546875 0.36015625 0.0390625 0.0296875
2 0.92109375 0.31953125 0.0328125 0.0328125
2 0.66796875 0.28203125 0.0296875 0.0328125
2 0.66015625 0.28828125 0.021875 0.02734375
2 0.653125 0.29296875 0.021875 0.0234375
2 0.63984375 0.29609375 0.053125 0.06640625
2 0.63125 0.3015625 0.02734375 0.03125
2 0.9125 0.4640625 0.0296875 0.0296875
2 0.76171875 0.43359375 0.03515625 0.02734375
2 0.76640625 0.48515625 0.0375 0.021875
2 0.68359375 0.49921875 0.03125 0.025
2 0.8 0.534375 0.0328125 0.01953125
2 0.8375 0.54765625 0.021875 0.03515625
2 0.9 0.5859375 0.02734375 0.0234375
2 0.8125 0.5953125 0.0375 0.021875
2 0.79609375 0.6640625 0.04296875 0.01953125
2 0.88125 0.725 0.0390625 0.025
2 0.72578125 0.7734375 0.040625 0.01953125
2 0.6546875 0.80390625 0.0328125 0.021875
2 0.64765625 0.665625 0.046875 0.0234375
2 0.5609375 0.66015625 0.0390625 0.0171875
2 0.55 0.7171875 0.0390625 0.0171875
2 0.471875 0.7796875 0.05625 0.03125
2 0.60078125 0.596875 0.05625 0.025
2 0.665625 0.60234375 0.0390625 0.0296875
2 0.590625 0.85078125 0.0390625 0.0171875
2 0.384375 0.875 0.0453125 0.02734375
2 0.61015625 0.4703125 0.03125 0.0375
2 0.0453125 0.60859375 0.02734375 0.02734375
2 0.43828125 0.9859375 0.046875 0.025
