2 0.93125 0.31875 0.13671875 0.13671875
2 0.9234375 0.34375 0.15234375 0.13671875
2 0.7625 0.41796875 0.14453125 0.134375
2 0.55390625 0.5015625 0.2015625 0.1875
2 0.58515625 0.6359375 0.178125 0.16796875
2 0.5703125 0.6609375 0.15625 0.146875
2 0.3828125 0.6921875 0.1390625 0.1421875
2 0.3625 0.740625 0.109375 0.1109375
2 0.2546875 0.5734375 0.16015625 0.171875
2 0.078125 0.5515625 0.115625 0.1109375
2 0.12109375 0.5578125 0.09765625 0.0953125
2 0.3 0.55625 0.1 0.1078125
2 0.28125 0.8 0.025 0.021875
