2 0.1453125 0.53515625 0.140625 0.12890625
2 0.16796875 0.509375 0.13671875 0.11875
2 0.35625 0.315625 0.15625 0.13671875
2 0.3671875 0.290625 0.1390625 0.1265625
2 0.42890625 0.4640625 0.15234375 0.13125
2 0.34296875 0.46796875 0.15 0.1328125
2 0.4796875 0.578125 0.1078125 0.0921875
2 0.4453125 0.5984375 0.125 0.115625
2 0.3453125 0.59296875 0.1328125 0.11328125
2 0.24375 0.825 0.10546875 0.078125
2 0.52265625 0.2046875 0.09765625 0.09765625
2 0.5546875 0.17265625 0.08984375 0.09375
2 0.665625 0.36640625 0.1234375 0.13671875
2 0.690625 0.31328125 0.1390625 0.14453125
2 0.825 0.30859375 0.084375 0.0875
2 0.859375 0.30078125 0.09765625 0.0875
