2 0.67578125 0.76484375 0.1625 0.171875
2 0.5546875 0.5796875 0.16796875 0.171875
2 0.4390625 0.40703125 0.16015625 0.1640625
2 0.37890625 0.4140625 0.1578125 0.165625
2 0.328125 0.4390625 0.146875 0.15625
2 0.32421875 0.23515625 0.1578125 0.165625
2 0.821875 0.89765625 0.02734375 0.040625
2 0.85078125 0.9953125 0.0375 0.009375
2 0.85 0.98125 0.0140625 0.0171875
2 0.63203125 0.2046875 0.06875 0.07421875
2 0.13203125 0.35234375 0.07421875 0.046875
2 0.746875 0.6359375 0.078125 0.0953125
2 0.5203125 0.38671875 0.078125 0.0625
2 0.73046875 0.7 0.00625 0.084375
2 0.8234375 0.625 0.0078125 0.03125
