2 0.0640625 0.45703125 0.128125 0.2546875
2 0.03984375 0.15625 0.040625 0.1953125
2 0.5546875 0.46171875 0.1 0.2125
2 0.21484375 0.62421875 0.0484375 0.125
2 0.7453125 0.86015625 0.15 0.07421875
2 0.83203125 0.26875 0.125 0.05859375
2 0.57890625 0.1390625 0.1109375 0.05859375
2 0.69609375 0.11328125 0.09375 0.0453125
2 0.80078125 0.090625 0.0796875 0.0390625
2 0.3671875 0.609375 0.0234375 0.0546875
2 0.3609375 0.51953125 0.01953125 0.0234375
2 0.421875 0.4875 0.025 0.040625
2 0.47265625 0.528125 0.0328125 0.0484375
2 0.475 0.68828125 0.025 0.021875
2 0.675 0.94375 0.0140625 0.015625
2 0.80390625 0.9078125 0.01953125 0.01953125
2 0.91328125 0.82734375 0.1234375 0.06875
2 0.01484375 0.69375 0.025 0.0328125
2 0.0078125 0.684375 0.015625 0.0328125
2 0.034375 0.65625 0.0296875 0.0328125
2 0.87890625 0.15703125 0.0234375 0.03515625
