2 0.67578125 0.23515625 0.1625 0.171875
2 0.5546875 0.4203125 0.16796875 0.171875
2 0.4390625 0.59296875 0.16015625 0.1640625
2 0.37890625 0.5859375 0.1578125 0.165625
2 0.328125 0.5609375 0.146875 0.15625
2 0.32421875 0.76484375 0.1578125 0.165625
2 0.821875 0.10234375 0.02734375 0.040625
2 0.85078125 0.0046875 0.0375 0.009375
2 0.85 0.01875 0.0140625 0.0171875
2 0.63203125 0.7953125 0.06875 0.07421875
2 0.13203125 0.64765625 0.07421875 0.046875
2 0.746875 0.3640625 0.078125 0.0953125
2 0.5203125 0.61328125 0.078125 0.0625
2 0.73046875 0.3 0.00625 0.084375
2 0.8234375 0.375 0.0078125 0.03125
