2 0.67265625 0.66875 0.140625 0.15
2 0.5453125 0.48359375 0.14453125 0.15
2 0.515625 0.50390625 0.14453125 0.146875
2 0.41484375 0.33203125 0.13671875 0.14453125
2 0.3875 0.35 0.13125 0.1421875
2 0.3265625 0.36640625 0.1328125 0.15234375
2 0.58515625 0.0609375 0.1015625 0.1078125
2 0.55546875 0.06328125 0.0640625 0.0625
2 0.6140625 0.228125 0.0390625 0.0453125
2 0.565625 0.17890625 0.05078125 0.0546875
2 0.90546875 0.60546875 0.0328125 0.07421875
2 0.91875 0.67890625 0.0234375 0.05859375
2 0.025 0.2890625 0.0171875 0.0296875
2 0.059375 0.33203125 0.04296875 0.0234375
2 0.07734375 0.3359375 0.0609375 0.0390625
