2 0.61328125 0.16328125 0.15234375 0.1625
2 0.584375 0.17890625 0.1421875 0.15625
2 0.35234375 0.31953125 0.1640625 0.1796875
2 0.3265625 0.3234375 0.15 0.16015625
2 0.48046875 0.421875 0.1578125 0.1734375
2 0.50390625 0.3390625 0.1578125 0.171875
2 0.5796875 0.496875 0.109375 0.12109375
2 0.60859375 0.46875 0.13671875 0.14453125
2 0.625 0.37109375 0.13671875 0.15
2 0.875 0.32421875 0.0953125 0.1171875
2 0.2078125 0.45625 0.11328125 0.11328125
2 0.16875 0.4796875 0.1078125 0.10546875
2 0.33203125 0.63203125 0.15625 0.146875
2 0.275 0.64375 0.16796875 0.1640625
2 0.240625 0.77421875 0.1015625 0.09765625
2 0.22578125 0.8046875 0.103125 0.1109375
