2 0.9296875 0.31171875 0.140625 0.134375
2 0.921875 0.33515625 0.15625 0.134375
2 0.76171875 0.41328125 0.1421875 0.1328125
2 0.55390625 0.50078125 0.19921875 0.1859375
2 0.58671875 0.634375 0.17578125 0.165625
2 0.5734375 0.659375 0.1546875 0.14453125
2 0.38671875 0.69453125 0.13671875 0.140625
2 0.36640625 0.7421875 0.109375 0.1109375
2 0.25625 0.578125 0.1578125 0.1703125
2 0.07890625 0.55859375 0.115625 0.109375
2 0.121875 0.5640625 0.09765625 0.0953125
2 0.30078125 0.5609375 0.1 0.1078125
2 0.2875 0.80390625 0.0234375 0.021875
