2 0.51484375 0.85546875 0.146875 0.15625
2 0.5359375 0.8296875 0.13671875 0.15234375
2 0.70234375 0.61640625 0.1578125 0.1734375
2 0.72578125 0.60234375 0.14453125 0.1546875
2 0.54609375 0.565625 0.15 0.16796875
2 0.55390625 0.6515625 0.15234375 0.16796875
2 0.42578125 0.53125 0.10546875 0.11875
2 0.41015625 0.5671875 0.13125 0.1390625
2 0.4296875 0.66484375 0.13125 0.146875
2 0.2125 0.7984375 0.0921875 0.11328125
2 0.78828125 0.43671875 0.109375 0.109375
2 0.81640625 0.4 0.103125 0.1015625
2 0.609375 0.31640625 0.15234375 0.140625
2 0.6578125 0.28515625 0.1625 0.1578125
2 0.64453125 0.15 0.09765625 0.09375
2 0.646875 0.1171875 0.1 0.1078125
