2 0.7859375 0.1359375 0.12109375 0.15
2 0.85234375 0.29609375 0.11875 0.15234375
2 0.6203125 0.2109375 0.1484375 0.1578125
2 0.62421875 0.39453125 0.18359375 0.2015625
2 0.5171875 0.38984375 0.1578125 0.18125
2 0.33203125 0.371875 0.14453125 0.15234375
2 0.3640625 0.3703125 0.165625 0.1796875
2 0.59375 0.5421875 0.109375 0.12109375
2 0.1828125 0.534375 0.11875 0.1078125
2 0.21953125 0.50703125 0.11328125 0.1078125
2 0.34765625 0.68125 0.1484375 0.140625
2 0.296875 0.696875 0.165625 0.1703125
2 0.26171875 0.8265625 0.09375 0.1
2 0.621875 0.515625 0.1234375 0.134375
2 0.4875 0.45234375 0.125 0.13125
2 0.25078125 0.87109375 0.0875 0.09375
