2 0.26171875 0.2890625 0.15625 0.165625
2 0.4265625 0.4375 0.1625 0.1640625
2 0.58203125 0.57421875 0.15234375 0.1578125
2 0.6390625 0.5515625 0.15 0.16015625
2 0.6828125 0.51484375 0.140625 0.15
2 0.73828125 0.7109375 0.15 0.16015625
2 0.0859375 0.2 0.025 0.040625
2 0.02734375 0.09375 0.03515625 0.0484375
2 0.0375 0.125 0.0140625 0.0171875
2 0.44921875 0.81875 0.0640625 0.071875
2 0.89375 0.546875 0.071875 0.0453125
2 0.22578125 0.4328125 0.07421875 0.08984375
2 0.509375 0.615625 0.0703125 0.0546875
