2 0.35 0.6890625 0.16015625 0.15
2 0.521875 0.54296875 0.16015625 0.1546875
2 0.496875 0.515625 0.15625 0.1546875
2 0.6578125 0.3984375 0.1546875 0.146875
2 0.6375 0.371875 0.15 0.140625
2 0.615625 0.31328125 0.1625 0.1421875
2 0.94453125 0.5390625 0.1109375 0.109375
2 0.940625 0.509375 0.06640625 0.06875
2 0.78203125 0.58515625 0.0484375 0.04296875
2 0.8265625 0.53125 0.05859375 0.0546875
2 0.4375 0.9140625 0.0765625 0.0375
2 0.36640625 0.9359375 0.0609375 0.02734375
2 0.66015625 0.0078125 0.03125 0.015625
2 0.62109375 0.04375 0.02734375 0.0453125
2 0.61796875 0.0625 0.04296875 0.0640625
