2 0.0703125 0.68828125 0.140625 0.134375
2 0.078125 0.66484375 0.15625 0.134375
2 0.23828125 0.58671875 0.1421875 0.1328125
2 0.44609375 0.49921875 0.19921875 0.1859375
2 0.41328125 0.365625 0.17578125 0.165625
2 0.4265625 0.340625 0.1546875 0.14453125
2 0.61328125 0.30546875 0.13671875 0.140625
2 0.63359375 0.2578125 0.109375 0.1109375
2 0.74375 0.421875 0.1578125 0.1703125
2 0.92109375 0.44140625 0.115625 0.109375
2 0.878125 0.4359375 0.09765625 0.0953125
2 0.69921875 0.4390625 0.1 0.1078125
2 0.7125 0.19609375 0.0234375 0.021875
