2 0.38671875 0.16328125 0.15234375 0.1625
2 0.415625 0.17890625 0.1421875 0.15625
2 0.64765625 0.31953125 0.1640625 0.1796875
2 0.6734375 0.3234375 0.15 0.16015625
2 0.51953125 0.421875 0.1578125 0.1734375
2 0.49609375 0.3390625 0.1578125 0.171875
2 0.4203125 0.496875 0.109375 0.12109375
2 0.39140625 0.46875 0.13671875 0.14453125
2 0.375 0.37109375 0.13671875 0.15
2 0.125 0.32421875 0.0953125 0.1171875
2 0.7921875 0.45625 0.11328125 0.11328125
2 0.83125 0.4796875 0.1078125 0.10546875
2 0.66796875 0.63203125 0.15625 0.146875
2 0.725 0.64375 0.16796875 0.1640625
2 0.759375 0.77421875 0.1015625 0.09765625
2 0.77421875 0.8046875 0.103125 0.1109375
