2 0.93359375 0.3640625 0.1328125 0.11875
2 0.81640625 0.24375 0.15 0.1171875
2 0.8125 0.49140625 0.15625 0.146875
2 0.6421875 0.421875 0.19921875 0.1796875
2 0.609375 0.5234375 0.1796875 0.15625
2 0.559375 0.703125 0.15 0.1421875
2 0.571875 0.6734375 0.178125 0.1640625
2 0.49375 0.39765625 0.11875 0.109375
2 0.3546875 0.784375 0.1078125 0.1171875
2 0.3921875 0.75859375 0.10546875 0.1109375
2 0.2765625 0.57734375 0.140625 0.1484375
2 0.24296875 0.61875 0.16796875 0.1640625
2 0.11015625 0.60546875 0.09765625 0.0921875
2 0.5296875 0.3796875 0.1328125 0.1234375
2 0.53984375 0.5296875 0.12890625 0.1234375
2 0.0640625 0.6 0.09375 0.0875
