2 0.70390625 0.928125 0.1296875 0.14375
2 0.6796875 0.9203125 0.13125 0.159375
2 0.5953125 0.7578125 0.12890625 0.1390625
2 0.5 0.55390625 0.18125 0.19375
2 0.36875 0.5921875 0.16015625 0.171875
2 0.34296875 0.578125 0.140625 0.15
2 0.3015625 0.39375 0.1390625 0.1328125
2 0.253125 0.375 0.1078125 0.10546875
2 0.41328125 0.25859375 0.165625 0.1546875
2 0.4265625 0.08125 0.1078125 0.1109375
2 0.42265625 0.12421875 0.09375 0.09375
2 0.4328125 0.303125 0.10546875 0.0953125
2 0.1890625 0.29765625 0.01953125 0.0234375
