2 0.7109375 0.9125 0.09765625 0.134375
2 0.80625 0.7671875 0.0953125 0.13671875
2 0.5625 0.80625 0.125 0.13671875
2 0.6015625 0.6265625 0.15234375 0.17578125
2 0.49609375 0.6109375 0.13125 0.16015625
2 0.3109375 0.59375 0.12109375 0.13125
2 0.3421875 0.6015625 0.1390625 0.15625
2 0.6 0.4765625 0.0921875 0.10546875
2 0.1953125 0.40625 0.103125 0.08984375
2 0.2265625 0.4390625 0.09765625 0.08984375
2 0.384375 0.29296875 0.12890625 0.11875
2 0.3375 0.2671875 0.140625 0.146875
2 0.328125 0.134375 0.078125 0.0859375
2 0.6234375 0.5078125 0.103125 0.1171875
2 0.478125 0.5453125 0.10546875 0.11328125
2 0.3265625 0.0875 0.07421875 0.08203125
