2 0.65 0.3109375 0.16015625 0.15
2 0.478125 0.45703125 0.16015625 0.1546875
2 0.503125 0.484375 0.15625 0.1546875
2 0.3421875 0.6015625 0.1546875 0.146875
2 0.3625 0.628125 0.15 0.140625
2 0.384375 0.68671875 0.1625 0.1421875
2 0.05546875 0.4609375 0.1109375 0.109375
2 0.059375 0.490625 0.06640625 0.06875
2 0.21796875 0.41484375 0.0484375 0.04296875
2 0.1734375 0.46875 0.05859375 0.0546875
2 0.5625 0.0859375 0.0765625 0.0375
2 0.63359375 0.0640625 0.0609375 0.02734375
2 0.33984375 0.9921875 0.03125 0.015625
2 0.37890625 0.95625 0.02734375 0.0453125
2 0.38203125 0.9375 0.04296875 0.0640625
