2 0.9359375 0.54296875 0.128125 0.2546875
2 0.96015625 0.84375 0.040625 0.1953125
2 0.4453125 0.53828125 0.1 0.2125
2 0.78515625 0.37578125 0.0484375 0.125
2 0.2546875 0.13984375 0.15 0.07421875
2 0.16796875 0.73125 0.125 0.05859375
2 0.42109375 0.8609375 0.1109375 0.05859375
2 0.30390625 0.88671875 0.09375 0.0453125
2 0.19921875 0.909375 0.0796875 0.0390625
2 0.6328125 0.390625 0.0234375 0.0546875
2 0.6390625 0.48046875 0.01953125 0.0234375
2 0.578125 0.5125 0.025 0.040625
2 0.52734375 0.471875 0.0328125 0.0484375
2 0.525 0.31171875 0.025 0.021875
2 0.325 0.05625 0.0140625 0.015625
2 0.19609375 0.0921875 0.01953125 0.01953125
2 0.08671875 0.17265625 0.1234375 0.06875
2 0.98515625 0.30625 0.025 0.0328125
2 0.9921875 0.315625 0.015625 0.0328125
2 0.965625 0.34375 0.0296875 0.0328125
2 0.12109375 0.84296875 0.0234375 0.03515625
