2 0.93359375 0.6359375 0.1328125 0.11875
2 0.81640625 0.75625 0.15 0.1171875
2 0.8125 0.50859375 0.15625 0.146875
2 0.6421875 0.578125 0.19921875 0.1796875
2 0.609375 0.4765625 0.1796875 0.15625
2 0.559375 0.296875 0.15 0.1421875
2 0.571875 0.3265625 0.178125 0.1640625
2 0.49375 0.60234375 0.11875 0.109375
2 0.3546875 0.215625 0.1078125 0.1171875
2 0.3921875 0.24140625 0.10546875 0.1109375
2 0.2765625 0.42265625 0.140625 0.1484375
2 0.24296875 0.38125 0.16796875 0.1640625
2 0.11015625 0.39453125 0.09765625 0.0921875
2 0.5296875 0.6203125 0.1328125 0.1234375
2 0.53984375 0.4703125 0.12890625 0.1234375
2 0.0640625 0.4 0.09375 0.0875
