2 0.0625 0.51171875 0.115625 0.25
2 0.0078125 0.215625 0.015625 0.19375
2 0.5484375 0.4546875 0.08984375 0.209375
2 0.23125 0.6578125 0.04296875 0.1234375
2 0.7875 0.828125 0.146875 0.06875
2 0.8015625 0.2296875 0.1234375 0.053125
2 0.534375 0.13203125 0.109375 0.053125
2 0.6484375 0.0921875 0.09375 0.040625
2 0.7484375 0.0578125 0.0796875 0.03515625
2 0.38125 0.62421875 0.021875 0.053125
2 0.3640625 0.5359375 0.0171875 0.021875
2 0.42109375 0.496875 0.0234375 0.0390625
2 0.4765625 0.53125 0.03125 0.0484375
2 0.4984375 0.690625 0.0234375 0.01953125
2 0.72734375 0.91875 0.01171875 0.015625
2 0.85078125 0.86796875 0.0171875 0.0171875
2 0.94453125 0.775 0.1109375 0.0625
2 0.0421875 0.7515625 0.025 0.03125
2 0.0296875 0.74375 0.02734375 0.03125
2 0.05625 0.71171875 0.0296875 0.03125
2 0.834375 0.1140625 0.0234375 0.0328125
