2 0.06640625 0.6359375 0.1328125 0.11875
2 0.18359375 0.75625 0.15 0.1171875
2 0.1875 0.50859375 0.15625 0.146875
2 0.3578125 0.578125 0.19921875 0.1796875
2 0.390625 0.4765625 0.1796875 0.15625
2 0.440625 0.296875 0.15 0.1421875
2 0.428125 0.3265625 0.178125 0.1640625
2 0.50625 0.60234375 0.11875 0.109375
2 0.6453125 0.215625 0.1078125 0.1171875
2 0.6078125 0.24140625 0.10546875 0.1109375
2 0.7234375 0.42265625 0.140625 0.1484375
2 0.75703125 0.38125 0.16796875 0.1640625
2 0.88984375 0.39453125 0.09765625 0.0921875
2 0.4703125 0.6203125 0.1328125 0.1234375
2 0.46015625 0.4703125 0.12890625 0.1234375
2 0.9359375 0.4 0.09375 0.0875
