2 0.275 0.278125 0.07578125 0.2875
2 0.20546875 0.15078125 0.02578125 0.025
2 0.0515625 0.4046875 0.009375 0.01015625
2 0.334375 0.4125 0.01015625 0.01015625
2 0.29375 0.9046875 0.021875 0.09921875
2 0.3453125 0.8453125 0.01328125 0.0140625
2 0.240625 0.7796875 0.01015625 0.015625
2 0.05 0.96484375 0.0140625 0.01015625
2 0.828125 0.5640625 0.05859375 0.07578125
2 0.75625 0.59140625 0.0140625 0.01953125
2 0.89921875 0.55078125 0.009375 0.0140625
2 0.890625 0.53359375 0.01015625 0.01015625
2 0.9125 0.24375 0.01015625 0.01171875
2 0.9890625 0.1578125 0.00625 0.0078125
2 0.99375 0.19375 0.00625 0.01328125
