2 0.175 0.575 0.0890625 0.03984375
2 0.57578125 0.946875 0.0375 0.0796875
2 0.50234375 0.4984375 0.034375 0.10234375
2 0.38828125 0.59375 0.04765625 0.0953125
2 0.46796875 0.66796875 0.08671875 0.04375
2 0.55390625 0.75703125 0.1 0.0515625
2 0.428125 0.72109375 0.1390625 0.07734375
2 0.275 0.67109375 0.14375 0.0765625
1 0.32421875 0.6609375 0.0171875 0.0125
1 0.2703125 0.63828125 0.01484375 0.0109375
1 0.2078125 0.6171875 0.0078125 0.0140625
1 0.16640625 0.60390625 0.009375 0.009375
1 0.153125 0.6 0.01171875 0.009375
1 0.07734375 0.5734375 0.0171875 0.0140625
1 0.0234375 0.55078125 0.0203125 0.0140625
1 0.06328125 0.559375 0.0171875 0.0140625
1 0.09921875 0.5703125 0.015625 0.01953125
1 0.08203125 0.56171875 0.015625 0.0140625
2 0.1875 0.55859375 0.08203125 0.03984375
1 0.11328125 0.80859375 0.01171875 0.01953125
1 0.090625 0.76875 0.0078125 0.0140625
1 0.103125 0.77578125 0.00703125 0.0140625
