2 0.175 0.425 0.0890625 0.03984375
2 0.57578125 0.053125 0.0375 0.0796875
2 0.50234375 0.5015625 0.034375 0.10234375
2 0.38828125 0.40625 0.04765625 0.0953125
2 0.46796875 0.33203125 0.08671875 0.04375
2 0.55390625 0.24296875 0.1 0.0515625
2 0.428125 0.27890625 0.1390625 0.07734375
2 0.275 0.32890625 0.14375 0.0765625
1 0.32421875 0.3390625 0.0171875 0.0125
1 0.2703125 0.36171875 0.01484375 0.0109375
1 0.2078125 0.3828125 0.0078125 0.0140625
1 0.16640625 0.39609375 0.009375 0.009375
1 0.153125 0.4 0.01171875 0.009375
1 0.07734375 0.4265625 0.0171875 0.0140625
1 0.0234375 0.44921875 0.0203125 0.0140625
1 0.06328125 0.440625 0.0171875 0.0140625
1 0.09921875 0.4296875 0.015625 0.01953125
1 0.08203125 0.43828125 0.015625 0.0140625
2 0.1875 0.44140625 0.08203125 0.03984375
1 0.11328125 0.19140625 0.01171875 0.01953125
1 0.090625 0.23125 0.0078125 0.0140625
1 0.103125 0.22421875 0.00703125 0.0140625
