2 0.76796875 0.69453125 0.0671875 0.0578125
2 0.75625 0.86328125 0.0625 0.0625
2 0.65 0.8328125 0.0671875 0.0890625
2 0.68125 0.74375 0.06953125 0.0484375
2 0.68984375 0.61796875 0.05078125 0.03359375
2 0.6078125 0.515625 0.03828125 0.03125
2 0.571875 0.4984375 0.0359375 0.02890625
2 0.62109375 0.64921875 0.06953125 0.040625
2 0.396875 0.41796875 0.04296875 0.05078125
2 0.59140625 0.7328125 0.06484375 0.06953125
2 0.54453125 0.6203125 0.040625 0.02890625
2 0.53984375 0.66015625 0.05546875 0.05546875
2 0.48046875 0.63671875 0.05078125 0.04296875
2 0.3234375 0.5515625 0.053125 0.05078125
2 0.2828125 0.44609375 0.053125 0.03828125
2 0.30390625 0.36796875 0.04296875 0.02890625
2 0.11796875 0.33046875 0.03359375 0.040625
