2 0.17890625 0.82578125 0.0859375 0.1
2 0.65078125 0.73046875 0.0109375 0.0109375
2 0.7 0.6328125 0.0078125 0.0125
2 0.803125 0.66640625 0.0109375 0.0125
2 0.853125 0.44765625 0.015625 0.015625
2 0.8484375 0.28984375 0.01875 0.0234375
2 0.740625 0.10390625 0.0234375 0.0296875
2 0.58046875 0.06328125 0.0171875 0.028125
2 0.34453125 0.221875 0.015625 0.0203125
2 0.14609375 0.25546875 0.0171875 0.015625
2 0.6125 0.43515625 0.03125 0.0359375
2 0.596875 0.41171875 0.028125 0.0390625
2 0.58125 0.38515625 0.03125 0.0390625
2 0.5671875 0.3625 0.0359375 0.040625
2 0.97890625 0.70390625 0.021875 0.025
