2 0.60078125 0.659375 0.0140625 0.01875
2 0.63359375 0.646875 0.021875 0.0234375
2 0.65390625 0.5390625 0.0234375 0.025
2 0.7140625 0.5484375 0.01875 0.01875
2 0.578125 0.55 0.021875 0.025
2 0.60390625 0.5234375 0.015625 0.021875
2 0.5265625 0.57421875 0.021875 0.0203125
2 0.4921875 0.56328125 0.01875 0.0234375
2 0.559375 0.53125 0.021875 0.025
2 0.5234375 0.53828125 0.01875 0.015625
2 0.46328125 0.54921875 0.0203125 0.0203125
2 0.503125 0.5265625 0.0203125 0.0171875
2 0.5125 0.49453125 0.0125 0.0203125
2 0.5890625 0.478125 0.0171875 0.015625
2 0.76796875 0.51171875 0.0234375 0.0171875
2 0.7578125 0.47421875 0.0234375 0.01875
2 0.74921875 0.46484375 0.0203125 0.021875
2 0.728125 0.4515625 0.0234375 0.025
2 0.69609375 0.38671875 0.0171875 0.01875
2 0.671875 0.4234375 0.0171875 0.0203125
2 0.64453125 0.446875 0.0171875 0.015625
2 0.5890625 0.4265625 0.0171875 0.0171875
2 0.57421875 0.4453125 0.0140625 0.0125
2 0.54609375 0.45078125 0.015625 0.0171875
2 0.421875 0.4828125 0.0171875 0.0265625
2 0.4140625 0.52265625 0.0109375 0.021875
2 0.61328125 0.38046875 0.009375 0.0203125
2 0.59140625 0.390625 0.01875 0.0140625
2 0.61328125 0.3515625 0.0140625 0.01875
2 0.640625 0.32734375 0.0203125 0.021875
2 0.625 0.3046875 0.015625 0.0171875
2 0.58984375 0.30390625 0.0203125 0.01875
2 0.5484375 0.36875 0.015625 0.01875
2 0.534375 0.33828125 0.015625 0.0203125
2 0.5078125 0.35390625 0.015625 0.0234375
2 0.5359375 0.31328125 0.0171875 0.015625
2 0.509375 0.3171875 0.015625 0.0203125
2 0.515625 0.290625 0.015625 0.0234375
2 0.60625 0.25078125 0.0234375 0.01875
2 0.559375 0.25 0.01875 0.021875
2 0.57265625 0.2140625 0.0171875 0.0203125
2 0.546875 0.2234375 0.01875 0.0234375
2 0.52578125 0.21484375 0.0171875 0.0234375
2 0.4859375 0.25390625 0.0171875 0.0234375
2 0.47265625 0.225 0.0171875 0.0203125
2 0.45234375 0.20390625 0.0125 0.021875
2 0.4796875 0.19609375 0.015625 0.021875
2 0.51640625 0.17890625 0.015625 0.0203125
2 0.50859375 0.15078125 0.015625 0.01875
2 0.5296875 0.13359375 0.0125 0.021875
2 0.51875 0.11875 0.0125 0.0203125
2 0.5109375 0.10546875 0.0078125 0.0203125
2 0.4453125 0.1625 0.015625 0.021875
2 0.27265625 0.42265625 0.0125 0.021875
2 0.28984375 0.43671875 0.0125 0.015625
2 0.28984375 0.4671875 0.015625 0.021875
2 0.28046875 0.46015625 0.0171875 0.021875
2 0.2890625 0.37265625 0.01875 0.028125
2 0.3015625 0.34453125 0.0125 0.01875
2 0.32109375 0.35859375 0.0140625 0.021875
2 0.3421875 0.36875 0.0125 0.021875
2 0.35234375 0.37578125 0.0125 0.01875
2 0.37265625 0.390625 0.015625 0.0234375
2 0.3828125 0.39453125 0.0203125 0.025
2 0.33046875 0.36171875 0.01875 0.0234375
2 0.36796875 0.31171875 0.0140625 0.015625
2 0.3546875 0.30703125 0.015625 0.0203125
2 0.34765625 0.3390625 0.0203125 0.021875
2 0.42734375 0.32109375 0.0171875 0.0234375
2 0.425 0.8140625 0.0328125 0.04375
2 0.38828125 0.88984375 0.0328125 0.034375
2 0.08515625 0.05234375 0.0234375 0.03125
