2 0.39921875 0.340625 0.0140625 0.01875
2 0.36640625 0.353125 0.021875 0.0234375
2 0.34609375 0.4609375 0.0234375 0.025
2 0.2859375 0.4515625 0.01875 0.01875
2 0.421875 0.45 0.021875 0.025
2 0.39609375 0.4765625 0.015625 0.021875
2 0.4734375 0.42578125 0.021875 0.0203125
2 0.5078125 0.43671875 0.01875 0.0234375
2 0.440625 0.46875 0.021875 0.025
2 0.4765625 0.46171875 0.01875 0.015625
2 0.53671875 0.45078125 0.0203125 0.0203125
2 0.496875 0.4734375 0.0203125 0.0171875
2 0.4875 0.50546875 0.0125 0.0203125
2 0.4109375 0.521875 0.0171875 0.015625
2 0.23203125 0.48828125 0.0234375 0.0171875
2 0.2421875 0.52578125 0.0234375 0.01875
2 0.25078125 0.53515625 0.0203125 0.021875
2 0.271875 0.5484375 0.0234375 0.025
2 0.30390625 0.61328125 0.0171875 0.01875
2 0.328125 0.5765625 0.0171875 0.0203125
2 0.35546875 0.553125 0.0171875 0.015625
2 0.4109375 0.5734375 0.0171875 0.0171875
2 0.42578125 0.5546875 0.0140625 0.0125
2 0.45390625 0.54921875 0.015625 0.0171875
2 0.578125 0.5171875 0.0171875 0.0265625
2 0.5859375 0.47734375 0.0109375 0.021875
2 0.38671875 0.61953125 0.009375 0.0203125
2 0.40859375 0.609375 0.01875 0.0140625
2 0.38671875 0.6484375 0.0140625 0.01875
2 0.359375 0.67265625 0.0203125 0.021875
2 0.375 0.6953125 0.015625 0.0171875
2 0.41015625 0.69609375 0.0203125 0.01875
2 0.4515625 0.63125 0.015625 0.01875
2 0.465625 0.66171875 0.015625 0.0203125
2 0.4921875 0.64609375 0.015625 0.0234375
2 0.4640625 0.68671875 0.0171875 0.015625
2 0.490625 0.6828125 0.015625 0.0203125
2 0.484375 0.709375 0.015625 0.0234375
2 0.39375 0.74921875 0.0234375 0.01875
2 0.440625 0.75 0.01875 0.021875
2 0.42734375 0.7859375 0.0171875 0.0203125
2 0.453125 0.7765625 0.01875 0.0234375
2 0.47421875 0.78515625 0.0171875 0.0234375
2 0.5140625 0.74609375 0.0171875 0.0234375
2 0.52734375 0.775 0.0171875 0.0203125
2 0.54765625 0.79609375 0.0125 0.021875
2 0.5203125 0.80390625 0.015625 0.021875
2 0.48359375 0.82109375 0.015625 0.0203125
2 0.49140625 0.84921875 0.015625 0.01875
2 0.4703125 0.86640625 0.0125 0.021875
2 0.48125 0.88125 0.0125 0.0203125
2 0.4890625 0.89453125 0.0078125 0.0203125
2 0.5546875 0.8375 0.015625 0.021875
2 0.72734375 0.57734375 0.0125 0.021875
2 0.71015625 0.56328125 0.0125 0.015625
2 0.71015625 0.5328125 0.015625 0.021875
2 0.71953125 0.53984375 0.0171875 0.021875
2 0.7109375 0.62734375 0.01875 0.028125
2 0.6984375 0.65546875 0.0125 0.01875
2 0.67890625 0.64140625 0.0140625 0.021875
2 0.6578125 0.63125 0.0125 0.021875
2 0.64765625 0.62421875 0.0125 0.01875
2 0.62734375 0.609375 0.015625 0.0234375
2 0.6171875 0.60546875 0.0203125 0.025
2 0.66953125 0.63828125 0.01875 0.0234375
2 0.63203125 0.68828125 0.0140625 0.015625
2 0.6453125 0.69296875 0.015625 0.0203125
2 0.65234375 0.6609375 0.0203125 0.021875
2 0.57265625 0.67890625 0.0171875 0.0234375
2 0.575 0.1859375 0.0328125 0.04375
2 0.61171875 0.11015625 0.0328125 0.034375
2 0.91484375 0.94765625 0.0234375 0.03125
