2 0.9796875 0.05078125 0.040625 0.0546875
2 0.9 0.10234375 0.00625 0.009375
2 0.90625 0.14375 0.00390625 0.00625
2 0.8546875 0.1734375 0.00546875 0.00390625
2 0.334375 0.20390625 0.07421875 0.08046875
2 0.35390625 0.16796875 0.009375 0.0015625
2 0.36640625 0.178125 0.00390625 0.0078125
2 0.303125 0.240625 0.00390625 0.00546875
2 0.5171875 0.459375 0.0703125 0.05703125
2 0.540625 0.4078125 0.00625 0.00546875
2 0.54921875 0.44921875 0.00390625 0.00625
2 0.4859375 0.484375 0.00625 0.00546875
2 0.03203125 0.5828125 0.02109375 0.0625
2 0.025 0.5578125 0.00390625 0.00625
2 0.03828125 0.55859375 0.00390625 0.00546875
2 0.0328125 0.61015625 0.009375 0.00234375
2 0.2953125 0.65859375 0.04296875 0.06640625
2 0.30234375 0.60234375 0.00546875 0.00625
2 0.31328125 0.6375 0.00390625 0.00625
2 0.27890625 0.6890625 0.00546875 0.00390625
2 0.1375 0.909375 0.05078125 0.00625
2 0.1359375 0.871875 0.01171875 0.00625
2 0.1546875 0.8765625 0.0078125 0.0078125
2 0.125 0.9734375 0.01015625 0.00390625
2 0.6171875 0.70078125 0.07265625 0.05703125
2 0.940625 0.68671875 0.00625 0.0015625
2 0.65 0.69765625 0.00625 0.00390625
2 0.5875 0.7328125 0.00625 0.00625
2 0.91796875 0.84765625 0.07578125 0.06484375
2 0.7859375 0.87421875 0.009375 0.00546875
2 0.84296875 0.81953125 0.01015625 0.00546875
2 0.8515625 0.83125 0.00390625 0.0078125
2 0.9703125 0.70703125 0.059375 0.0828125
2 0.98984375 0.6734375 0.009375 0.00625
2 0.9984375 0.68828125 0.00234375 0.009375
2 0.94765625 0.74453125 0.00625 0.00625
2 0.959375 0.503125 0.025 0.02109375
2 0.8546875 0.5171875 0.00546875 0.00234375
