2 0.0203125 0.05078125 0.040625 0.0546875
2 0.1 0.10234375 0.00625 0.009375
2 0.09375 0.14375 0.00390625 0.00625
2 0.1453125 0.1734375 0.00546875 0.00390625
2 0.665625 0.20390625 0.07421875 0.08046875
2 0.64609375 0.16796875 0.009375 0.0015625
2 0.63359375 0.178125 0.00390625 0.0078125
2 0.696875 0.240625 0.00390625 0.00546875
2 0.4828125 0.459375 0.0703125 0.05703125
2 0.459375 0.4078125 0.00625 0.00546875
2 0.45078125 0.44921875 0.00390625 0.00625
2 0.5140625 0.484375 0.00625 0.00546875
2 0.96796875 0.5828125 0.02109375 0.0625
2 0.975 0.5578125 0.00390625 0.00625
2 0.96171875 0.55859375 0.00390625 0.00546875
2 0.9671875 0.61015625 0.009375 0.00234375
2 0.7046875 0.65859375 0.04296875 0.06640625
2 0.69765625 0.60234375 0.00546875 0.00625
2 0.68671875 0.6375 0.00390625 0.00625
2 0.72109375 0.6890625 0.00546875 0.00390625
2 0.8625 0.909375 0.05078125 0.00625
2 0.8640625 0.871875 0.01171875 0.00625
2 0.8453125 0.8765625 0.0078125 0.0078125
2 0.875 0.9734375 0.01015625 0.00390625
2 0.3828125 0.70078125 0.07265625 0.05703125
2 0.059375 0.68671875 0.00625 0.0015625
2 0.35 0.69765625 0.00625 0.00390625
2 0.4125 0.7328125 0.00625 0.00625
2 0.08203125 0.84765625 0.07578125 0.06484375
2 0.2140625 0.87421875 0.009375 0.00546875
2 0.15703125 0.81953125 0.01015625 0.00546875
2 0.1484375 0.83125 0.00390625 0.0078125
2 0.0296875 0.70703125 0.059375 0.0828125
2 0.01015625 0.6734375 0.009375 0.00625
2 0.0015625 0.68828125 0.00234375 0.009375
2 0.05234375 0.74453125 0.00625 0.00625
2 0.040625 0.503125 0.025 0.02109375
2 0.1453125 0.5171875 0.00546875 0.00234375
