2 0.340625 0.6 0.0234375 0.0171875
2 0.35546875 0.63203125 0.021875 0.0171875
2 0.4484375 0.71171875 0.01875 0.0171875
2 0.54921875 0.72734375 0.0234375 0.0203125
2 0.6125 0.6953125 0.0265625 0.01875
2 0.57578125 0.6703125 0.0203125 0.01875
2 0.55234375 0.64375 0.0140625 0.01875
2 0.459375 0.653125 0.0171875 0.01875
2 0.47890625 0.6015625 0.0234375 0.0171875
2 0.4484375 0.5765625 0.01875 0.0171875
2 0.46640625 0.5578125 0.021875 0.021875
2 0.521875 0.58671875 0.0125 0.015625
2 0.553125 0.5734375 0.0125 0.015625
2 0.571875 0.58984375 0.0203125 0.0203125
2 0.60859375 0.590625 0.01875 0.0203125
2 0.62109375 0.61328125 0.021875 0.009375
2 0.6484375 0.61171875 0.0234375 0.01875
2 0.671875 0.640625 0.0234375 0.025
2 0.69453125 0.6234375 0.0171875 0.015625
2 0.6953125 0.5890625 0.015625 0.0203125
2 0.63203125 0.546875 0.015625 0.015625
2 0.6609375 0.5328125 0.0203125 0.015625
2 0.6859375 0.5375 0.0140625 0.01875
2 0.64453125 0.50546875 0.021875 0.0171875
2 0.684375 0.51015625 0.0203125 0.01875
2 0.70859375 0.5140625 0.01875 0.0171875
2 0.54765625 0.54375 0.0140625 0.0125
2 0.5046875 0.5109375 0.0203125 0.0140625
2 0.4609375 0.5234375 0.0140625 0.021875
2 0.47265625 0.503125 0.0140625 0.01875
2 0.4265625 0.5265625 0.015625 0.0171875
2 0.43828125 0.4890625 0.01875 0.015625
2 0.53671875 0.7515625 0.0203125 0.0234375
2 0.44921875 0.4625 0.01875 0.015625
2 0.47734375 0.4125 0.0265625 0.01875
2 0.5171875 0.421875 0.015625 0.009375
2 0.578125 0.271875 0.015625 0.009375
2 0.56328125 0.290625 0.0109375 0.0125
2 0.63125 0.34375 0.025 0.015625
2 0.60625 0.384375 0.0265625 0.021875
2 0.67890625 0.42578125 0.021875 0.0171875
2 0.71328125 0.37734375 0.0203125 0.0203125
2 0.74921875 0.60703125 0.0203125 0.0234375
2 0.78359375 0.57265625 0.01875 0.015625
2 0.74921875 0.559375 0.0171875 0.0203125
2 0.77890625 0.54765625 0.021875 0.015625
2 0.78515625 0.525 0.01875 0.0171875
2 0.74375 0.4859375 0.0203125 0.01875
2 0.77109375 0.47265625 0.015625 0.0125
2 0.80234375 0.4796875 0.01875 0.0140625
2 0.8234375 0.5171875 0.0203125 0.01875
2 0.8484375 0.5078125 0.0203125 0.0109375
2 0.8671875 0.5296875 0.0203125 0.0125
2 0.88125 0.5171875 0.0234375 0.015625
2 0.7953125 0.44921875 0.0265625 0.0125
2 0.17890625 0.4203125 0.0234375 0.01875
2 0.10859375 0.38984375 0.021875 0.0125
2 0.94453125 0.08671875 0.025 0.0140625
