2 0.340625 0.4 0.0234375 0.0171875
2 0.35546875 0.36796875 0.021875 0.0171875
2 0.4484375 0.28828125 0.01875 0.0171875
2 0.54921875 0.27265625 0.0234375 0.0203125
2 0.6125 0.3046875 0.0265625 0.01875
2 0.57578125 0.3296875 0.0203125 0.01875
2 0.55234375 0.35625 0.0140625 0.01875
2 0.459375 0.346875 0.0171875 0.01875
2 0.47890625 0.3984375 0.0234375 0.0171875
2 0.4484375 0.4234375 0.01875 0.0171875
2 0.46640625 0.4421875 0.021875 0.021875
2 0.521875 0.41328125 0.0125 0.015625
2 0.553125 0.4265625 0.0125 0.015625
2 0.571875 0.41015625 0.0203125 0.0203125
2 0.60859375 0.409375 0.01875 0.0203125
2 0.62109375 0.38671875 0.021875 0.009375
2 0.6484375 0.38828125 0.0234375 0.01875
2 0.671875 0.359375 0.0234375 0.025
2 0.69453125 0.3765625 0.0171875 0.015625
2 0.6953125 0.4109375 0.015625 0.0203125
2 0.63203125 0.453125 0.015625 0.015625
2 0.6609375 0.4671875 0.0203125 0.015625
2 0.6859375 0.4625 0.0140625 0.01875
2 0.64453125 0.49453125 0.021875 0.0171875
2 0.684375 0.48984375 0.0203125 0.01875
2 0.70859375 0.4859375 0.01875 0.0171875
2 0.54765625 0.45625 0.0140625 0.0125
2 0.5046875 0.4890625 0.0203125 0.0140625
2 0.4609375 0.4765625 0.0140625 0.021875
2 0.47265625 0.496875 0.0140625 0.01875
2 0.4265625 0.4734375 0.015625 0.0171875
2 0.43828125 0.5109375 0.01875 0.015625
2 0.53671875 0.2484375 0.0203125 0.0234375
2 0.44921875 0.5375 0.01875 0.015625
2 0.47734375 0.5875 0.0265625 0.01875
2 0.5171875 0.578125 0.015625 0.009375
2 0.578125 0.728125 0.015625 0.009375
2 0.56328125 0.709375 0.0109375 0.0125
2 0.63125 0.65625 0.025 0.015625
2 0.60625 0.615625 0.0265625 0.021875
2 0.67890625 0.57421875 0.021875 0.0171875
2 0.71328125 0.62265625 0.0203125 0.0203125
2 0.74921875 0.39296875 0.0203125 0.0234375
2 0.78359375 0.42734375 0.01875 0.015625
2 0.74921875 0.440625 0.0171875 0.0203125
2 0.77890625 0.45234375 0.021875 0.015625
2 0.78515625 0.475 0.01875 0.0171875
2 0.74375 0.5140625 0.0203125 0.01875
2 0.77109375 0.52734375 0.015625 0.0125
2 0.80234375 0.5203125 0.01875 0.0140625
2 0.8234375 0.4828125 0.0203125 0.01875
2 0.8484375 0.4921875 0.0203125 0.0109375
2 0.8671875 0.4703125 0.0203125 0.0125
2 0.88125 0.4828125 0.0234375 0.015625
2 0.7953125 0.55078125 0.0265625 0.0125
2 0.17890625 0.5796875 0.0234375 0.01875
2 0.10859375 0.61015625 0.021875 0.0125
2 0.94453125 0.91328125 0.025 0.0140625
