2 0.659375 0.4 0.0203125 0.0140625
2 0.64453125 0.36796875 0.021875 0.0171875
2 0.5515625 0.28828125 0.015625 0.0140625
2 0.45078125 0.27265625 0.021875 0.015625
2 0.3875 0.3046875 0.025 0.015625
2 0.42421875 0.3296875 0.0171875 0.0171875
2 0.44765625 0.35625 0.0140625 0.0203125
2 0.540625 0.346875 0.015625 0.01875
2 0.52109375 0.3984375 0.021875 0.015625
2 0.5515625 0.4234375 0.0203125 0.015625
2 0.53359375 0.4421875 0.01875 0.01875
2 0.478125 0.41328125 0.0109375 0.015625
2 0.446875 0.4265625 0.0140625 0.015625
2 0.428125 0.41015625 0.0171875 0.0171875
2 0.39140625 0.409375 0.0140625 0.0171875
2 0.37890625 0.38671875 0.021875 0.0078125
2 0.3515625 0.38828125 0.021875 0.015625
2 0.328125 0.359375 0.0171875 0.021875
2 0.30546875 0.3765625 0.01875 0.015625
2 0.3046875 0.4109375 0.0125 0.01875
2 0.36796875 0.453125 0.0140625 0.0125
2 0.3390625 0.4671875 0.01875 0.0125
2 0.3140625 0.4625 0.009375 0.0171875
2 0.35546875 0.49453125 0.0203125 0.0125
2 0.315625 0.48984375 0.01875 0.015625
2 0.29140625 0.4859375 0.0171875 0.0140625
2 0.45234375 0.45625 0.0140625 0.0125
2 0.4953125 0.4890625 0.0203125 0.0109375
2 0.5390625 0.4765625 0.0109375 0.021875
2 0.52734375 0.496875 0.0140625 0.0203125
2 0.5734375 0.4734375 0.0140625 0.0171875
2 0.56171875 0.5109375 0.0171875 0.0125
2 0.46328125 0.2484375 0.0140625 0.0203125
2 0.55078125 0.5375 0.01875 0.0125
2 0.52265625 0.5875 0.025 0.0125
2 0.4828125 0.578125 0.0171875 0.009375
2 0.421875 0.728125 0.015625 0.0078125
2 0.43671875 0.709375 0.0125 0.0125
2 0.36875 0.65625 0.0234375 0.0140625
2 0.39375 0.615625 0.0234375 0.015625
2 0.32109375 0.57421875 0.021875 0.0140625
2 0.28671875 0.62265625 0.0171875 0.0171875
2 0.25078125 0.39296875 0.01875 0.0203125
2 0.21640625 0.42734375 0.0171875 0.015625
2 0.25078125 0.440625 0.0140625 0.0171875
2 0.22109375 0.45234375 0.021875 0.0140625
2 0.21484375 0.475 0.0171875 0.015625
2 0.25625 0.5140625 0.0171875 0.0140625
2 0.22890625 0.52734375 0.015625 0.0078125
2 0.19765625 0.5203125 0.0171875 0.0109375
2 0.1765625 0.4828125 0.0171875 0.0171875
2 0.1515625 0.4921875 0.0203125 0.009375
2 0.1328125 0.4703125 0.0203125 0.009375
2 0.11875 0.4828125 0.021875 0.0125
2 0.2046875 0.55078125 0.025 0.0125
2 0.82109375 0.5796875 0.0234375 0.01875
2 0.89140625 0.61015625 0.021875 0.0125
2 0.05546875 0.91328125 0.0234375 0.009375
