2 0.7171875 0.803125 0.021875 0.0984375
2 0.74296875 0.79453125 0.01953125 0.10546875
2 0.75234375 0.72109375 0.03828125 0.02890625
2 0.50234375 0.4578125 0.1203125 0.05078125
2 0.55546875 0.52734375 0.02421875 0.084375
2 0.45703125 0.2328125 0.02890625 0.26171875
2 0.57578125 0.9671875 0.021875 0.01953125
2 0.5734375 0.953125 0.021875 0.01171875
1 0.682484996875 0.932777759375 0.6881082046875 0.8894444515625001 0.68186020625 0.887222221875 0.672488209375 0.9261111109375 0.682484996875 0.932777759375
2 0.74609375 0.96875 0.00703125 0.0359375
