2 0.2828125 0.196875 0.021875 0.0984375
2 0.25703125 0.20546875 0.01953125 0.10546875
2 0.24765625 0.27890625 0.03828125 0.02890625
2 0.49765625 0.5421875 0.1203125 0.05078125
2 0.44453125 0.47265625 0.02421875 0.084375
2 0.54296875 0.7671875 0.02890625 0.26171875
2 0.42421875 0.0328125 0.021875 0.01953125
2 0.4265625 0.046875 0.021875 0.01171875
1 0.31813979375 0.112777778125 0.327511790625 0.07388888906249999 0.317515003125 0.067222240625 0.3118917953125 0.1105555484375 0.31813979375 0.112777778125
2 0.25390625 0.03125 0.00703125 0.0359375
