2 0.109375 0.66953125 0.21875 0.05546875
2 0.28359375 0.57421875 0.03125 0.26953125
2 0.48203125 0.2171875 0.040625 0.04296875
2 0.475 0.171875 0.0453125 0.04296875
2 0.53359375 0.16953125 0.0578125 0.0453125
2 0.58671875 0.16328125 0.0265625 0.03359375
2 0.3265625 0.509375 0.0484375 0.040625
2 0.5890625 0.396875 0.03359375 0.01953125
2 0.603125 0.275 0.02890625 0.0265625
2 0.5640625 0.4578125 0.009375 0.05546875
2 0.39453125 0.51796875 0.0265625 0.01953125
2 0.39453125 0.5 0.0265625 0.01953125
2 0.5921875 0.36328125 0.02890625 0.01953125
2 0.4328125 0.14921875 0.0140625 0.071875
