2 0.5859375 0.22890625 0.02578125 0.07578125
2 0.8609375 0.13828125 0.00625 0.01328125
2 0.84453125 0.86640625 0.00546875 0.01015625
2 0.84140625 0.84765625 0.0046875 0.0109375
2 0.8078125 0.8515625 0.0046875 0.00859375
2 0.85078125 0.8703125 0.0046875 0.00859375
2 0.86015625 0.83984375 0.00625 0.0109375
2 0.98203125 0.75390625 0.00625 0.0171875
2 0.740625 0.5515625 0.00625 0.01328125
2 0.7296875 0.5265625 0.0046875 0.01484375
2 0.38203125 0.64609375 0.01171875 0.0140625
2 0.1421875 0.55625 0.00546875 0.01328125
2 0.2 0.4421875 0.0078125 0.01328125
2 0.22265625 0.3828125 0.00546875 0.0109375
2 0.18125 0.40078125 0.0078125 0.01484375
2 0.2625 0.7875 0.00703125 0.01328125
2 0.1484375 0.659375 0.00546875 0.01328125
2 0.02109375 0.959375 0.01015625 0.0140625
2 0.028125 0.81640625 0.01015625 0.03984375
2 0.3 0.96875 0.00546875 0.01328125
2 0.28359375 0.89765625 0.00390625 0.01171875
2 0.1859375 0.33359375 0.00390625 0.0140625
2 0.1875 0.25234375 0.0046875 0.01328125
2 0.15390625 0.17109375 0.0078125 0.01171875
2 0.10625 0.10859375 0.01015625 0.01328125
2 0.940625 0.8578125 0.04453125 0.0546875
2 0.984375 0.82890625 0.03046875 0.0453125
2 0.99609375 0.78671875 0.0046875 0.00859375
