2 0.4859375 0.771875 0.00234375 0.03125
2 0.4421875 0.775 0.00546875 0.00546875
2 0.5296875 0.99453125 0.0078125 0.00390625
2 0.528125 0.759375 0.00546875 0.00390625
2 0.0296875 0.71328125 0.00390625 0.0328125
2 0.084375 0.71328125 0.00390625 0.00546875
2 0.1703125 0.9203125 0.00625 0.00546875
2 0.17109375 0.70546875 0.00390625 0.00390625
2 0.24375 0.5640625 0.04453125 0.040625
2 0.2265625 0.5796875 0.00234375 0.00390625
2 0.25859375 0.54921875 0.0015625 0.0015625
2 0.0609375 0.97890625 0.009375 0.0296875
2 0.01171875 0.9890625 0.00390625 0.00546875
2 0.103125 0.9984375 0.00546875 0.00234375
2 0.10234375 0.9984375 0.0078125 0.003125
