2 0.5140625 0.228125 0.00234375 0.03125
2 0.5578125 0.225 0.00546875 0.00546875
2 0.4703125 0.00546875 0.0078125 0.00390625
2 0.471875 0.240625 0.00546875 0.00390625
2 0.9703125 0.28671875 0.00390625 0.0328125
2 0.915625 0.28671875 0.00390625 0.00546875
2 0.8296875 0.0796875 0.00625 0.00546875
2 0.82890625 0.29453125 0.00390625 0.00390625
2 0.75625 0.4359375 0.04453125 0.040625
2 0.7734375 0.4203125 0.00234375 0.00390625
2 0.74140625 0.45078125 0.0015625 0.0015625
2 0.9390625 0.02109375 0.009375 0.0296875
2 0.98828125 0.0109375 0.00390625 0.00546875
2 0.896875 0.0015625 0.00546875 0.00234375
2 0.89765625 0.0015625 0.0078125 0.003125
