2 0.7046875 0.2140625 0.0171875 0.01953125
2 0.66328125 0.22265625 0.0171875 0.01953125
2 0.7140625 0.24296875 0.01953125 0.0171875
2 0.67890625 0.25859375 0.021875 0.021875
2 0.6421875 0.2984375 0.02421875 0.01953125
2 0.68359375 0.30390625 0.01953125 0.02421875
2 0.73671875 0.30390625 0.021875 0.01953125
2 0.7875 0.44375 0.01953125 0.021875
2 0.615625 0.39453125 0.0171875 0.02421875
2 0.646875 0.45546875 0.021875 0.021875
2 0.72265625 0.50234375 0.01953125 0.0140625
2 0.66328125 0.51953125 0.0171875 0.0171875
2 0.7609375 0.56484375 0.01953125 0.01953125
2 0.7015625 0.57109375 0.01953125 0.0171875
2 0.7515625 0.615625 0.02890625 0.01953125
2 0.7203125 0.646875 0.021875 0.021875
2 0.66484375 0.69453125 0.02421875 0.0171875
2 0.72109375 0.7171875 0.01953125 0.01953125
2 0.69140625 0.73046875 0.01953125 0.0265625
2 0.72578125 0.77421875 0.0171875 0.0140625
2 0.7953125 0.87265625 0.01953125 0.01953125
2 0.7875 0.709375 0.02890625 0.021875
2 0.8015625 0.62734375 0.0265625 0.021875
2 0.86640625 0.6734375 0.0140625 0.01953125
2 0.8453125 0.728125 0.01953125 0.0171875
2 0.71640625 0.36640625 0.01953125 0.021875
2 0.6609375 0.35234375 0.01953125 0.01953125
2 0.71484375 0.4359375 0.01953125 0.01953125
2 0.71640625 0.27890625 0.0265625 0.01953125
2 0.709375 0.80625 0.0171875 0.0171875
