2 0.3875 0.990625 0.028125 0.01875
2 0.3734375 0.59765625 0.053125 0.05546875
2 0.18515625 0.48671875 0.03359375 0.03828125
2 0.03984375 0.5640625 0.02890625 0.03828125
2 0.1578125 0.62265625 0.021875 0.0359375
2 0.1734375 0.68359375 0.02890625 0.02890625
2 0.21171875 0.6984375 0.02890625 0.03359375
2 0.31015625 0.86171875 0.0265625 0.03359375
2 0.66953125 0.77421875 0.03828125 0.03359375
2 0.4890625 0.81875 0.03359375 0.03125
2 0.38203125 0.8421875 0.03125 0.03359375
2 0.28984375 0.73828125 0.02890625 0.02890625
