2 0.584375 0.93984375 0.03125 0.053125
2 0.665625 0.84140625 0.03125 0.05078125
2 0.77890625 0.90390625 0.03125 0.0453125
2 0.66328125 0.6671875 0.04296875 0.0453125
2 0.6875 0.53828125 0.03125 0.0453125
2 0.68046875 0.228125 0.03125 0.0484375
2 0.72109375 0.17421875 0.021875 0.03125
2 0.66328125 0.46640625 0.02421875 0.03359375
2 0.72265625 0.47578125 0.02421875 0.03125
2 0.73203125 0.60078125 0.02890625 0.0453125
2 0.73828125 0.6703125 0.02890625 0.040625
2 0.85703125 0.75703125 0.03125 0.03828125
2 0.8125 0.8125 0.02890625 0.0484375
2 0.928125 0.8546875 0.03125 0.0484375
2 0.95546875 0.9390625 0.02890625 0.02890625
