2 0.220703125 0.3486328125 0.181640625 0.173828125
2 0.416015625 0.4521484375 0.181640625 0.177734375
2 0.59765625 0.5517578125 0.173828125 0.169921875
2 0.5966796875 0.61328125 0.17578125 0.16796875
2 0.576171875 0.666015625 0.166015625 0.15625
2 0.779296875 0.6513671875 0.17578125 0.16796875
2 0.076171875 0.212890625 0.04296875 0.03125
2 0.7822265625 0.3427734375 0.078125 0.072265625
2 0.6787109375 0.853515625 0.052734375 0.076171875
2 0.3427734375 0.265625 0.099609375 0.0859375
2 0.600328025 0.4697265625 0.070875 0.0875
2 0.279296875 0.2880859375 0.090796875 0.009375
2 0.3466796875 0.0884765625 0.038670875 0.025
