2 0.61328125 0.1630859375 0.15234375 0.162109375
2 0.583984375 0.1787109375 0.142578125 0.15625
2 0.3525390625 0.3193359375 0.1640625 0.1796875
2 0.326171875 0.3232421875 0.150390625 0.16015625
2 0.48046875 0.421875 0.158203125 0.173828125
2 0.50390625 0.3388671875 0.158203125 0.171875
2 0.580078125 0.4970703125 0.109375 0.12109375
2 0.6083984375 0.46875 0.13671875 0.14453125
2 0.625 0.37109375 0.13671875 0.150390625
2 0.875 0.32421875 0.095703125 0.1171875
2 0.2080078125 0.4560546875 0.11328125 0.11328125
2 0.1689453125 0.4794921875 0.107421875 0.10546875
2 0.33203125 0.6318359375 0.15625 0.146484375
2 0.275390625 0.6435546875 0.16796875 0.1640625
2 0.240234375 0.7744140625 0.1015625 0.09765625
2 0.2255859375 0.8046875 0.103515625 0.111328125
