2 0.82109375 0.17421875 0.06796875 0.08828125
2 0.34921875 0.26953125 0.01015625 0.01015625
2 0.3 0.3671875 0.0078125 0.01171875
2 0.196875 0.33359375 0.01015625 0.0125
2 0.146875 0.55234375 0.0140625 0.0125
2 0.1515625 0.71015625 0.01328125 0.02265625
2 0.259375 0.89609375 0.0203125 0.02734375
2 0.41953125 0.93671875 0.0125 0.02734375
2 0.65546875 0.778125 0.0125 0.01875
2 0.85390625 0.74453125 0.015625 0.0140625
2 0.3875 0.56484375 0.0265625 0.0328125
2 0.403125 0.58828125 0.025 0.0375
2 0.41875 0.61484375 0.0265625 0.0359375
2 0.4328125 0.6375 0.02734375 0.0359375
2 0.02109375 0.29609375 0.01796875 0.02265625
