2 0.103125 0.7328125 0.08671875 0.05546875
2 0.37578125 0.82265625 0.11328125 0.0671875
2 0.31015625 0.70625 0.09140625 0.04453125
2 0.3375 0.65625 0.04609375 0.02890625
2 0.53359375 0.70625 0.09765625 0.04765625
2 0.7375 0.8171875 0.13984375 0.07265625
2 0.79296875 0.7375 0.10390625 0.04609375
2 0.121875 0.6578125 0.03984375 0.01796875
2 0.1375 0.6375 0.0234375 0.01796875
2 0.12578125 0.6078125 0.02734375 0.02109375
2 0.14453125 0.57578125 0.0421875 0.0203125
2 0.25234375 0.56796875 0.028125 0.0171875
2 0.20625 0.534375 0.02265625 0.01484375
2 0.0828125 0.559375 0.01640625 0.0125
2 0.17109375 0.5234375 0.0203125 0.00859375
2 0.01796875 0.52421875 0.01875 0.0125
2 0.08671875 0.51328125 0.02265625 0.0125
2 0.34375 0.5953125 0.03359375 0.02109375
2 0.4421875 0.571875 0.02890625 0.01953125
2 0.4703125 0.525 0.01328125 0.0125
2 0.53515625 0.55625 0.03125 0.01640625
2 0.63515625 0.55 0.025 0.01328125
2 0.603125 0.521875 0.0109375 0.009375
2 0.5875 0.4859375 0.0203125 0.01015625
2 0.37265625 0.490625 0.00390625 0.00546875
