0 0.221875 0.46171875 0.0203125 0.03359375
0 0.228125 0.6203125 0.03359375 0.0265625
0 0.22421875 0.58046875 0.025 0.028125
0 0.45390625 0.74453125 0.0484375 0.0453125
0 0.46171875 0.60390625 0.0296875 0.028125
0 0.475 0.47421875 0.03671875 0.03203125
0 0.48515625 0.4140625 0.0296875 0.028125
0 0.4703125 0.50546875 0.0296875 0.025
0 0.4765625 0.4421875 0.0296875 0.025
0 0.396875 0.43046875 0.0234375 0.025
0 0.30078125 0.43671875 0.028125 0.0265625
0 0.37265625 0.346875 0.03515625 0.03984375
0 0.884375 0.87578125 0.03828125 0.04140625
0 0.9359375 0.8328125 0.03828125 0.03828125
0 0.98359375 0.86328125 0.0265625 0.03671875
0 0.21328125 0.3515625 0.0234375 0.0265625
0 0.56796875 0.421875 0.03359375 0.0265625
0 0.51015625 0.62109375 0.0265625 0.03203125
0 0.54609375 0.584375 0.0453125 0.028125
0 0.5359375 0.61171875 0.03515625 0.0234375
0 0.621875 0.5484375 0.03359375 0.0265625
0 0.6546875 0.49609375 0.0265625 0.021875
0 0.65 0.4734375 0.0265625 0.0234375
0 0.6421875 0.4484375 0.025 0.0234375
0 0.55546875 0.51484375 0.04140625 0.03359375
0 0.56171875 0.4515625 0.03671875 0.0265625
0 0.3609375 0.428125 0.03203125 0.03359375
0 0.67578125 0.60234375 0.03203125 0.03203125
0 0.70234375 0.61640625 0.021875 0.03359375
0 0.72890625 0.61640625 0.03203125 0.03359375
0 0.75234375 0.60234375 0.03515625 0.021875
0 0.76328125 0.578125 0.03359375 0.0265625
0 0.7609375 0.5515625 0.03828125 0.0265625
0 0.7234375 0.4625 0.03359375 0.025
0 0.746875 0.52265625 0.03359375 0.025
0 0.784375 0.32421875 0.021875 0.028125
0 0.809375 0.309375 0.021875 0.03203125
0 0.8390625 0.309375 0.025 0.03515625
0 0.7609375 0.28984375 0.01796875 0.0234375
0 0.91328125 0.2609375 0.03359375 0.025
0 0.94140625 0.18828125 0.0234375 0.0265625
0 0.89296875 0.12734375 0.0234375 0.03515625
0 0.9171875 0.128125 0.01796875 0.03671875
0 0.778125 0.26640625 0.0234375 0.0234375
0 0.79296875 0.25 0.0296875 0.0234375
0 0.8828125 0.1921875 0.028125 0.03203125
0 0.903125 0.18984375 0.0234375 0.03671875
0 0.94296875 0.0859375 0.0296875 0.025
0 0.946875 0.11171875 0.03671875 0.0234375
0 0.9484375 0.134375 0.03671875 0.01796875
0 0.95 0.1671875 0.0203125 0.021875
0 0.78515625 0.03984375 0.0296875 0.0234375
0 0.78515625 0.078125 0.0296875 0.0234375
0 0.78671875 0.1 0.0265625 0.0203125
0 0.78671875 0.1171875 0.03671875 0.01796875
0 0.79296875 0.13828125 0.03671875 0.0234375
0 0.77109375 0.171875 0.03515625 0.0296875
0 0.825 0.20078125 0.0296875 0.028125
0 0.7921875 0.2265625 0.03203125 0.0203125
0 0.8078125 0.2109375 0.028125 0.028125
0 0.865625 0.10078125 0.028125 0.028125
0 0.875 0.0765625 0.03359375 0.0234375
0 0.87265625 0.05390625 0.03515625 0.021875
0 0.79921875 0.6546875 0.028125 0.0265625