0 0.14609375 0.871875 0.03828125 0.03671875
0 0.134375 0.8296875 0.03515625 0.03671875
0 0.24296875 0.8734375 0.03359375 0.03671875
0 0.278125 0.35859375 0.0203125 0.01640625
0 0.315625 0.3078125 0.01796875 0.01796875
0 0.33046875 0.284375 0.028125 0.01796875
0 0.83828125 0.42578125 0.0296875 0.03828125
0 0.84296875 0.4671875 0.0265625 0.03515625
0 0.871875 0.46640625 0.0296875 0.03671875
0 0.9 0.46328125 0.0265625 0.03359375
0 0.896875 0.3625 0.0203125 0.01484375
0 0.9203125 0.45859375 0.01640625 0.0203125
0 0.540625 0.50234375 0.01796875 0.01796875
0 0.1109375 0.5796875 0.025 0.0234375
0 0.315625 0.52890625 0.01796875 0.021875
0 0.42578125 0.51484375 0.01796875 0.01640625
0 0.54140625 0.440625 0.0234375 0.01484375
0 0.35859375 0.45703125 0.01640625 0.01640625
0 0.2390625 0.53671875 0.01484375 0.01640625
0 0.26484375 0.53671875 0.01640625 0.0203125
0 0.0625 0.76015625 0.021875 0.0234375
0 0.07890625 0.76015625 0.021875 0.0234375
0 0.096875 0.75703125 0.0203125 0.0265625
0 0.10859375 0.78671875 0.01640625 0.0234375
0 0.68828125 0.48203125 0.01640625 0.01328125
0 0.70859375 0.4734375 0.01640625 0.01640625
0 0.77265625 0.46484375 0.021875 0.0203125
0 0.79453125 0.4640625 0.01796875 0.01796875
0 0.671875 0.40703125 0.0234375 0.01640625
0 0.69765625 0.40703125 0.01796875 0.01640625
0 0.725 0.4046875 0.01640625 0.01328125