0 0.05234375 0.02890625 0.04140625 0.0484375
0 0.2234375 0.271875 0.046875 0.04296875
0 0.3015625 0.25 0.046875 0.04296875
0 0.6046875 0.58671875 0.03984375 0.03984375
0 0.8046875 0.4203125 0.03359375 0.03671875
0 0.7171875 0.42109375 0.028125 0.03515625
0 0.7328125 0.70078125 0.028125 0.028125
0 0.69609375 0.76640625 0.03203125 0.0296875
0 0.865625 0.325 0.025 0.0234375
0 0.7953125 0.8734375 0.0203125 0.0203125
0 0.7546875 0.78671875 0.0265625 0.0203125
0 0.8125 0.9265625 0.01484375 0.01328125
0 0.8171875 0.8859375 0.01484375 0.01171875
0 0.8484375 0.9203125 0.01328125 0.01328125
0 0.828125 0.896875 0.01328125 0.01328125
0 0.83984375 0.9078125 0.01015625 0.00859375
0 0.66953125 0.4984375 0.01796875 0.01640625
0 0.7296875 0.4671875 0.0203125 0.021875
0 0.85234375 0.29453125 0.028125 0.028125
0 0.81796875 0.83046875 0.01640625 0.01796875
0 0.846875 0.79765625 0.0203125 0.025
0 0.8328125 0.26796875 0.025 0.0203125
0 0.796875 0.353125 0.01640625 0.01640625