0 0.52421875 0.3390625 0.03515625 0.03828125
0 0.5859375 0.28671875 0.03203125 0.03359375
0 0.675 0.2140625 0.0265625 0.01796875
0 0.42890625 0.41953125 0.028125 0.03203125
0 0.4875 0.3640625 0.021875 0.021875
0 0.65703125 0.271875 0.0203125 0.01640625
0 0.69296875 0.24921875 0.01640625 0.01796875
0 0.325 0.5046875 0.0203125 0.01640625
0 0.64453125 0.19296875 0.01796875 0.0203125
0 0.32421875 0.471875 0.01796875 0.01640625
0 0.39921875 0.4921875 0.01484375 0.01484375
0 0.49296875 0.39921875 0.0203125 0.01796875
0 0.58671875 0.32421875 0.01640625 0.01796875