0 0.33515625 0.18984375 0.0296875 0.03671875
0 0.4625 0.30703125 0.025 0.0234375
0 0.4359375 0.3375 0.03203125 0.03203125
0 0.70703125 0.4078125 0.03359375 0.03203125
0 0.27890625 0.04296875 0.028125 0.03671875
0 0.23984375 0.05546875 0.0296875 0.03515625
0 0.85703125 0.60234375 0.03359375 0.03828125
0 0.890625 0.659375 0.025 0.03515625
0 0.7234375 0.709375 0.0234375 0.025
0 0.8125 0.7859375 0.01796875 0.01484375
0 0.7921875 0.809375 0.01796875 0.01484375
0 0.8421875 0.85390625 0.01796875 0.01796875
0 0.821875 0.86484375 0.01640625 0.01640625
0 0.903125 0.88359375 0.0203125 0.0234375
0 0.87734375 0.89921875 0.021875 0.025
0 0.15859375 0.10703125 0.0265625 0.0296875
0 0.09921875 0.14765625 0.03515625 0.03828125