0 0.63046875 0.12734375 0.0484375 0.0515625
0 0.628125 0.17109375 0.06015625 0.0546875
0 0.95703125 0.42734375 0.053125 0.04140625
0 0.85859375 0.4890625 0.046875 0.04140625
0 0.928125 0.496875 0.06015625 0.046875
0 0.88671875 0.7734375 0.046875 0.04296875
0 0.72890625 0.74765625 0.0484375 0.0515625
0 0.74609375 0.8375 0.0515625 0.05859375
0 0.26484375 0.725 0.03984375 0.046875
0 0.3109375 0.7234375 0.0453125 0.04296875
0 0.175 0.88828125 0.053125 0.03984375
0 0.0515625 0.1453125 0.06328125 0.0703125
0 0.4625 0.80859375 0.0515625 0.04296875