0 0.3828125 0.20703125 0.025 0.0296875
0 0.3265625 0.20546875 0.03671875 0.04140625
0 0.321875 0.0265625 0.03984375 0.03671875
0 0.30078125 0.7296875 0.0453125 0.046875
0 0.465625 0.6578125 0.04140625 0.03828125
0 0.521875 0.82265625 0.03359375 0.03515625
0 0.5546875 0.48203125 0.03359375 0.03671875
0 0.578125 0.446875 0.04296875 0.04296875
0 0.5984375 0.3984375 0.03984375 0.03984375
0 0.6390625 0.328125 0.03515625 0.0296875
0 0.7703125 0.296875 0.03984375 0.03984375
0 0.740625 0.1625 0.021875 0.01796875
0 0.7578125 0.14921875 0.01796875 0.01796875
0 0.7484375 0.3390625 0.03671875 0.04140625
0 0.71015625 0.41328125 0.03671875 0.03671875
0 0.69609375 0.4484375 0.03828125 0.03984375
0 0.6515625 0.52734375 0.03984375 0.0453125
0 0.634375 0.56171875 0.03828125 0.03984375
0 0.60703125 0.60859375 0.03671875 0.03671875
0 0.58828125 0.64296875 0.03671875 0.03359375
0 0.571875 0.6828125 0.03671875 0.03828125
0 0.54609375 0.72578125 0.03828125 0.03828125
0 0.5859375 0.76015625 0.028125 0.03671875
0 0.6265625 0.7796875 0.03359375 0.04296875