0 0.0625 0.31171875 0.025 0.03984375
0 0.06953125 0.390625 0.028125 0.025
0 0.0203125 0.45234375 0.0296875 0.021875
0 0.01484375 0.596875 0.0234375 0.0203125
0 0.06796875 0.7359375 0.0265625 0.025
0 0.08828125 0.759375 0.0296875 0.025
0 0.215625 0.825 0.025 0.0265625
0 0.2484375 0.8828125 0.0296875 0.028125
0 0.02109375 0.9703125 0.0421875 0.059375
0 0.1109375 0.98046875 0.0546875 0.03828125
0 0.6453125 0.9796875 0.053125 0.03671875
0 0.56171875 0.909375 0.03359375 0.04140625
0 0.68515625 0.92421875 0.03359375 0.03828125
0 0.73046875 0.92890625 0.04140625 0.05859375
0 0.7765625 0.91171875 0.03359375 0.046875
0 0.9578125 0.92265625 0.0546875 0.06484375
0 0.87265625 0.828125 0.03203125 0.0296875
0 0.9296875 0.7515625 0.05703125 0.06015625
0 0.94140625 0.49453125 0.03984375 0.03203125
0 0.88515625 0.3921875 0.03671875 0.03203125
0 0.86640625 0.29921875 0.046875 0.03828125
0 0.9578125 0.28046875 0.03828125 0.03828125
0 0.8171875 0.07734375 0.0484375 0.03515625
0 0.22421875 0.246875 0.021875 0.0265625