0 0.16015625 0.45546875 0.10703125 0.125
0 0.12578125 0.5828125 0.11796875 0.13203125
0 0.38515625 0.565625 0.0765625 0.06796875
0 0.12734375 0.8359375 0.071875 0.06484375
0 0.20546875 0.8328125 0.08203125 0.075
0 0.26328125 0.8859375 0.0734375 0.06171875
0 0.71796875 0.7328125 0.053125 0.078125
0 0.76640625 0.58984375 0.05703125 0.08359375
0 0.784375 0.4921875 0.0484375 0.06796875
0 0.81015625 0.4203125 0.06015625 0.08671875
0 0.8296875 0.3421875 0.06015625 0.075
0 0.85703125 0.2453125 0.06640625 0.08671875
0 0.71328125 0.90390625 0.06015625 0.075
0 0.89609375 0.765625 0.071875 0.08515625