0 0.51640625 0.18671875 0.0203125 0.01640625
0 0.5515625 0.17578125 0.0203125 0.01484375
0 0.50390625 0.1125 0.021875 0.01484375
0 0.5703125 0.10234375 0.0296875 0.028125
0 0.67265625 0.10234375 0.025 0.025
0 0.7 0.10234375 0.0265625 0.03515625
0 0.6921875 0.17109375 0.028125 0.025
0 0.746875 0.1671875 0.0296875 0.025
0 0.6796875 0.45546875 0.0265625 0.028125
0 0.71328125 0.56953125 0.0265625 0.028125
0 0.72421875 0.6234375 0.028125 0.0265625
0 0.7296875 0.6515625 0.0265625 0.0265625
0 0.78671875 0.6328125 0.0296875 0.03515625
0 0.83671875 0.6125 0.0296875 0.025
0 0.8234375 0.5640625 0.0265625 0.03515625
0 0.7953125 0.56484375 0.0265625 0.0265625
0 0.64453125 0.58984375 0.03203125 0.0265625
0 0.659375 0.634375 0.03203125 0.028125
0 0.665625 0.65859375 0.03203125 0.0265625
0 0.6 0.68828125 0.0265625 0.0265625
0 0.5890625 0.6640625 0.03828125 0.025
0 0.575 0.640625 0.0296875 0.028125
0 0.565625 0.6171875 0.03515625 0.025
0 0.5140625 0.6875 0.03515625 0.028125
0 0.521875 0.7125 0.03359375 0.03203125
0 0.5328125 0.73515625 0.03828125 0.0296875
0 0.53359375 0.76484375 0.03984375 0.0296875
0 0.54296875 0.79296875 0.04296875 0.0296875
0 0.54921875 0.8171875 0.03828125 0.028125
0 0.55546875 0.840625 0.03828125 0.025
0 0.5640625 0.86953125 0.03828125 0.028125
0 0.4765625 0.709375 0.0265625 0.025
0 0.46953125 0.7265625 0.025 0.0234375
0 0.45390625 0.74765625 0.025 0.025
0 0.38203125 0.64296875 0.0296875 0.0265625
0 0.3734375 0.6734375 0.0296875 0.0265625
0 0.35546875 0.69140625 0.025 0.0265625
0 0.33828125 0.71328125 0.0296875 0.0265625
0 0.2609375 0.67734375 0.03515625 0.025
0 0.27265625 0.659375 0.03203125 0.025
0 0.2859375 0.6375 0.03203125 0.025
0 0.30546875 0.621875 0.028125 0.0265625