0 0.2328125 0.465625 0.021875 0.025
0 0.1609375 0.38046875 0.01484375 0.01484375
0 0.17109375 0.39296875 0.01796875 0.01328125
0 0.1140625 0.365625 0.01796875 0.021875
0 0.1015625 0.37421875 0.0203125 0.01796875
0 0.08671875 0.38515625 0.01640625 0.01640625
0 0.296875 0.41640625 0.01640625 0.01640625
0 0.37421875 0.321875 0.021875 0.0203125
0 0.38671875 0.3421875 0.0234375 0.021875
0 0.40703125 0.4015625 0.0265625 0.0265625
0 0.37578125 0.41796875 0.025 0.0296875
0 0.4 0.4390625 0.0203125 0.025
0 0.4046875 0.365625 0.0203125 0.01796875
0 0.40078125 0.46640625 0.01796875 0.01640625
0 0.4109375 0.48359375 0.01796875 0.01640625
0 0.34765625 0.4828125 0.01796875 0.021875
0 0.33203125 0.4953125 0.01640625 0.0203125
0 0.31640625 0.5078125 0.01640625 0.01796875
0 0.46171875 0.54453125 0.0234375 0.01796875
0 0.38828125 0.55 0.0203125 0.0203125
0 0.334375 0.54453125 0.01484375 0.01796875
0 0.35546875 0.50703125 0.01484375 0.01640625
0 0.3765625 0.53515625 0.01328125 0.01328125
0 0.4359375 0.51484375 0.01484375 0.01640625
0 0.5578125 0.3109375 0.01171875 0.01484375
0 0.50859375 0.3546875 0.01328125 0.01640625
0 0.5296875 0.3828125 0.01640625 0.01796875
0 0.55234375 0.40546875 0.01796875 0.01796875
0 0.565625 0.42734375 0.01796875 0.01796875
0 0.58046875 0.44765625 0.01484375 0.01484375
0 0.6046875 0.46015625 0.01328125 0.01328125
0 0.6046875 0.46953125 0.0234375 0.021875
0 0.62109375 0.49296875 0.021875 0.0203125
0 0.6328125 0.496875 0.01171875 0.01328125
0 0.64140625 0.521875 0.01640625 0.01640625
0 0.67421875 0.53203125 0.01484375 0.01640625
0 0.634375 0.4515625 0.01796875 0.0203125
0 0.3140625 0.45234375 0.01171875 0.01796875
0 0.29296875 0.46953125 0.01640625 0.01796875
0 0.28359375 0.4796875 0.01328125 0.0203125
0 0.2703125 0.4859375 0.01328125 0.01484375
0 0.25546875 0.49765625 0.01484375 0.01796875
0 0.41484375 0.58515625 0.01640625 0.0203125
0 0.6375 0.3421875 0.021875 0.01796875
0 0.6578125 0.36015625 0.01484375 0.01640625
0 0.6578125 0.3703125 0.01796875 0.01640625
0 0.66953125 0.3734375 0.01171875 0.01328125
0 0.6234375 0.3828125 0.01328125 0.01171875
0 0.63671875 0.38515625 0.0234375 0.0203125
0 0.6390625 0.40078125 0.01796875 0.01171875
0 0.6546875 0.40546875 0.0234375 0.021875
0 0.6546875 0.4203125 0.01640625 0.01328125
0 0.6625 0.43046875 0.01484375 0.01171875
0 0.67578125 0.43203125 0.01796875 0.01640625
0 0.6859375 0.3953125 0.01484375 0.01328125
0 0.69609375 0.42109375 0.01484375 0.01796875
0 0.70703125 0.42734375 0.01640625 0.01484375
0 0.69453125 0.45390625 0.025 0.021875
0 0.69140625 0.46640625 0.01328125 0.01328125
0 0.71640625 0.49765625 0.01328125 0.01484375
0 0.73828125 0.46953125 0.03671875 0.03515625
0 0.73046875 0.50078125 0.021875 0.021875
0 0.7546875 0.49765625 0.01640625 0.01484375
0 0.75078125 0.52890625 0.025 0.025
0 0.7671875 0.55078125 0.01796875 0.01484375
0 0.78515625 0.578125 0.0203125 0.0203125
0 0.82890625 0.5859375 0.021875 0.021875
0 0.88515625 0.53359375 0.0234375 0.0203125
0 0.95859375 0.5609375 0.0296875 0.03203125
0 0.31328125 0.5796875 0.01640625 0.01640625
0 0.21796875 0.4828125 0.01328125 0.01484375
0 0.1859375 0.515625 0.01484375 0.01484375
0 0.79609375 0.22890625 0.01484375 0.01484375
0 0.79921875 0.21640625 0.01484375 0.01640625
0 0.8109375 0.215625 0.01484375 0.01796875
0 0.821875 0.1984375 0.01640625 0.01640625
0 0.83515625 0.196875 0.01640625 0.0203125
0 0.87265625 0.16640625 0.01796875 0.0234375
0 0.88671875 0.1515625 0.0203125 0.0203125
0 0.9171875 0.13359375 0.021875 0.0234375
0 0.81640625 0.06953125 0.01640625 0.01484375
0 0.82109375 0.0828125 0.01171875 0.01171875
0 0.903125 0.27109375 0.01640625 0.01484375
0 0.92109375 0.28203125 0.01484375 0.01640625
0 0.9390625 0.2921875 0.021875 0.01796875
0 0.95078125 0.31328125 0.025 0.0203125
0 0.96640625 0.33359375 0.0265625 0.0234375
0 0.9828125 0.3546875 0.021875 0.01640625