0 0.04140625 0.2625 0.046875 0.03828125
0 0.08046875 0.23046875 0.0953125 0.125
0 0.21328125 0.44296875 0.03984375 0.03984375
0 0.2015625 0.47734375 0.03984375 0.03828125
0 0.27421875 0.4765625 0.028125 0.0265625
0 0.41328125 0.52890625 0.0265625 0.028125
0 0.3640625 0.521875 0.021875 0.0234375
0 0.37578125 0.48046875 0.025 0.021875
0 0.38203125 0.4546875 0.01640625 0.0203125
0 0.3875 0.434375 0.01796875 0.025
0 0.396875 0.41328125 0.01640625 0.0234375
0 0.403125 0.3890625 0.0234375 0.025
0 0.4546875 0.36015625 0.0234375 0.0234375
0 0.4890625 0.22109375 0.028125 0.03203125
0 0.6984375 0.21484375 0.0296875 0.03671875
0 0.7421875 0.20234375 0.025 0.028125
0 0.815625 0.2078125 0.025 0.025
0 0.70703125 0.34921875 0.0234375 0.01796875
0 0.68046875 0.35078125 0.028125 0.025
0 0.65703125 0.3625 0.0265625 0.021875
0 0.63203125 0.36484375 0.0265625 0.0265625
0 0.60859375 0.36484375 0.0234375 0.0234375
0 0.5859375 0.36796875 0.025 0.0203125
0 0.5734375 0.3234375 0.0265625 0.0296875
0 0.3 0.68828125 0.0203125 0.01640625
0 0.2859375 0.70859375 0.021875 0.0203125
0 0.31328125 0.740625 0.0234375 0.021875
0 0.32578125 0.72109375 0.01796875 0.01796875
0 0.33828125 0.70703125 0.0203125 0.0203125
0 0.35 0.68828125 0.01640625 0.0203125
0 0.228125 0.71953125 0.0296875 0.025
0 0.3140625 0.8109375 0.021875 0.01796875
0 0.3328125 0.740625 0.01796875 0.021875
0 0.34609375 0.725 0.021875 0.0234375
0 0.625 0.75390625 0.0265625 0.025
0 0.6421875 0.775 0.021875 0.0265625
0 0.7 0.71484375 0.0296875 0.0296875
0 0.72265625 0.69453125 0.028125 0.025
0 0.72265625 0.671875 0.028125 0.0234375
0 0.7453125 0.67109375 0.0265625 0.025
0 0.7640625 0.64921875 0.028125 0.025
0 0.7859375 0.625 0.028125 0.0265625
0 0.78515625 0.26484375 0.0203125 0.0296875
0 0.69609375 0.17578125 0.03828125 0.03515625
0 0.74296875 0.175 0.0296875 0.0234375
0 0.83515625 0.1828125 0.0296875 0.028125
0 0.29765625 0.940625 0.025 0.028125
0 0.3328125 0.97109375 0.021875 0.025
0 0.353125 0.95546875 0.0234375 0.025
0 0.36796875 0.9375 0.0203125 0.025
0 0.3859375 0.921875 0.021875 0.0234375
0 0.40078125 0.90390625 0.021875 0.025
0 0.35859375 0.86484375 0.0234375 0.0234375
0 0.378125 0.97890625 0.01640625 0.01796875
0 0.39453125 0.98984375 0.021875 0.01640625
0 0.39609375 0.95546875 0.021875 0.01484375
0 0.38828125 0.9703125 0.01640625 0.0203125
0 0.41171875 0.9453125 0.0234375 0.01640625
0 0.42265625 0.9625 0.021875 0.021875
0 0.40859375 0.97265625 0.0234375 0.021875
0 0.42265625 0.93046875 0.021875 0.021875