0 0.20703125 0.7640625 0.06328125 0.06484375
0 0.2359375 0.24296875 0.05859375 0.06640625
0 0.35078125 0.3625 0.06171875 0.0515625
0 0.375 0.434375 0.0734375 0.06796875
0 0.38359375 0.60234375 0.0734375 0.06796875
0 0.24296875 0.0328125 0.053125 0.0546875
0 0.38046875 0.678125 0.06796875 0.06328125
0 0.37890625 0.88046875 0.075 0.06796875
0 0.38203125 0.95703125 0.0765625 0.06640625
0 0.8140625 0.91484375 0.05859375 0.06328125
0 0.846875 0.21015625 0.053125 0.06015625
0 0.71484375 0.30859375 0.06015625 0.05703125
0 0.6734375 0.371875 0.06328125 0.06015625
0 0.6453125 0.43671875 0.0734375 0.06328125
0 0.6375 0.60234375 0.075 0.06484375
0 0.63515625 0.68515625 0.0734375 0.06640625
0 0.65390625 0.78984375 0.03828125 0.03984375
0 0.6546875 0.98203125 0.04296875 0.03359375