0 0.16796875 0.08359375 0.05 0.06015625
0 0.32265625 0.0125 0.04140625 0.025
0 0.415625 0.2546875 0.078125 0.06640625
0 0.4703125 0.29765625 0.0703125 0.078125
0 0.4453125 0.1328125 0.03984375 0.04140625
0 0.5046875 0.109375 0.03984375 0.0453125
0 0.57109375 0.13203125 0.03828125 0.04296875
0 0.48515625 0.459375 0.0734375 0.08203125
0 0.559375 0.46953125 0.03515625 0.04140625
0 0.246875 0.4640625 0.06640625 0.06796875
0 0.31953125 0.4671875 0.0453125 0.03828125
0 0.359375 0.7953125 0.03515625 0.0296875
0 0.50390625 0.6484375 0.04140625 0.03359375
0 0.5546875 0.584375 0.03671875 0.0484375
0 0.6 0.584375 0.03359375 0.04140625
0 0.646875 0.584375 0.03359375 0.04140625
0 0.18515625 0.47421875 0.03671875 0.03828125
0 0.1796875 0.56796875 0.03359375 0.03671875
0 0.23359375 0.57578125 0.03984375 0.04140625
0 0.278125 0.60546875 0.03671875 0.03828125
0 0.32421875 0.57734375 0.028125 0.03515625
0 0.3703125 0.57734375 0.046875 0.03828125
0 0.41328125 0.5765625 0.03359375 0.0265625