0 0.3296875 0.28828125 0.053125 0.04296875
0 0.3421875 0.38984375 0.028125 0.0265625
0 0.33515625 0.44140625 0.04296875 0.03671875
0 0.2328125 0.67265625 0.0453125 0.0453125
0 0.50703125 0.31796875 0.053125 0.04296875
0 0.94609375 0.25078125 0.0546875 0.04140625
0 0.72265625 0.2984375 0.03515625 0.03671875
0 0.86796875 0.36484375 0.06328125 0.06015625
0 0.86171875 0.4421875 0.0796875 0.078125
0 0.871875 0.53203125 0.09296875 0.08359375
0 0.87109375 0.6109375 0.06796875 0.06484375
0 0.871875 0.6953125 0.0734375 0.0796875
0 0.86796875 0.78984375 0.0796875 0.0796875
0 0.8765625 0.90078125 0.06328125 0.06171875
0 0.33984375 0.83515625 0.053125 0.05
0 0.5109375 0.671875 0.0546875 0.046875
0 0.51484375 0.81015625 0.04296875 0.04296875
0 0.5125 0.93515625 0.0515625 0.046875