0 0.8109375 0.2953125 0.028125 0.03671875
0 0.90078125 0.3015625 0.03203125 0.04296875
0 0.44765625 0.3390625 0.028125 0.03203125
0 0.6859375 0.36484375 0.078125 0.0765625
0 0.478125 0.36796875 0.03984375 0.03984375
0 0.36171875 0.4125 0.0296875 0.025
0 0.67265625 0.434375 0.0515625 0.0453125
0 0.34921875 0.45390625 0.0484375 0.0453125
0 0.475 0.4578125 0.046875 0.0484375
0 0.59765625 0.4859375 0.04140625 0.0453125
0 0.3328125 0.50234375 0.0453125 0.0453125
0 0.4609375 0.50546875 0.0453125 0.0484375
0 0.65078125 0.53203125 0.0484375 0.046875
0 0.44921875 0.5609375 0.0515625 0.0453125
0 0.28828125 0.56796875 0.0734375 0.0703125
0 0.4328125 0.61796875 0.0453125 0.046875
0 0.6140625 0.6828125 0.05859375 0.0484375
0 0.83671875 0.06796875 0.03984375 0.0296875
0 0.4171875 0.69140625 0.0453125 0.046875
0 0.39921875 0.7453125 0.04140625 0.03984375
0 0.58515625 0.78828125 0.0296875 0.0296875
0 0.26015625 0.8046875 0.0734375 0.0734375
0 0.5796875 0.8375 0.046875 0.04140625
0 0.371875 0.8671875 0.04296875 0.04140625
0 0.56953125 0.88515625 0.0453125 0.04296875
0 0.2609375 0.89765625 0.03515625 0.03203125
0 0.04296875 0.91328125 0.0234375 0.03359375
0 0.56171875 0.92890625 0.05 0.04140625
0 0.246875 0.93671875 0.03359375 0.03359375
0 0.6328125 0.95234375 0.03203125 0.028125
0 0.58828125 0.95859375 0.03671875 0.04296875
0 0.26328125 0.9671875 0.03671875 0.028125
0 0.30234375 0.97734375 0.028125 0.03203125