0 0.271875 0.49921875 0.0296875 0.03828125
0 0.34765625 0.640625 0.028125 0.0453125
0 0.5125 0.7375 0.03515625 0.03203125
0 0.6421875 0.66953125 0.028125 0.03828125
0 0.33671875 0.2328125 0.03984375 0.0484375
0 0.39765625 0.246875 0.0546875 0.06015625
0 0.46328125 0.246875 0.06015625 0.0703125
0 0.58828125 0.26015625 0.053125 0.06015625
0 0.65546875 0.271875 0.05859375 0.06328125
0 0.73828125 0.27578125 0.05 0.0515625
0 0.52265625 0.25078125 0.0484375 0.0546875
0 0.53671875 0.5234375 0.03359375 0.03984375
0 0.64140625 0.53671875 0.03359375 0.03671875
0 0.73359375 0.5484375 0.03671875 0.03984375
0 0.89296875 0.703125 0.0234375 0.03984375
0 0.9328125 0.70859375 0.025 0.03359375
0 0.971875 0.7140625 0.0265625 0.03828125
0 0.23515625 0.6296875 0.03671875 0.03359375
0 0.2734375 0.3375 0.0265625 0.028125
0 0.31015625 0.63203125 0.01640625 0.0203125
0 0.2609375 0.16640625 0.03515625 0.04296875