0 0.2078125 0.878125 0.03203125 0.03671875
0 0.596875 0.89765625 0.0296875 0.03828125
0 0.1515625 0.2625 0.03359375 0.03515625
0 0.19140625 0.2671875 0.0265625 0.03203125
0 0.41796875 0.26953125 0.0296875 0.04140625
0 0.45546875 0.275 0.028125 0.03359375
0 0.50234375 0.06953125 0.021875 0.01796875
0 0.1578125 0.1046875 0.021875 0.0234375
0 0.48359375 0.17421875 0.03359375 0.04140625
0 0.5171875 0.22109375 0.03828125 0.03515625
0 0.534375 0.2765625 0.03515625 0.03671875
0 0.34140625 0.26640625 0.03359375 0.03671875
0 0.30234375 0.2640625 0.028125 0.03203125
0 0.38046875 0.27109375 0.028125 0.03828125
0 0.521875 0.8015625 0.04296875 0.03671875
0 0.4734375 0.80234375 0.03984375 0.03515625
0 0.32421875 0.7953125 0.028125 0.03671875
0 0.21484375 0.7921875 0.0296875 0.03515625
0 0.25 0.79453125 0.0296875 0.03203125
0 0.2875 0.79609375 0.03515625 0.03828125
0 0.596875 0.80390625 0.03359375 0.04140625
0 0.6328125 0.8046875 0.03203125 0.0296875
0 0.66953125 0.80703125 0.03203125 0.03671875
0 0.60859375 0.2828125 0.01640625 0.021875
0 0.6421875 0.278125 0.021875 0.0234375
0 0.7953125 0.2859375 0.0203125 0.01796875
0 0.36015625 0.165625 0.0265625 0.03203125
0 0.2671875 0.26953125 0.028125 0.03203125
0 0.746875 0.3921875 0.0234375 0.021875
0 0.3953125 0.79453125 0.0265625 0.03203125
0 0.01015625 0.6265625 0.0203125 0.0234375
0 0.93203125 0.6984375 0.0203125 0.0203125
0 0.071875 0.75859375 0.0203125 0.0234375
0 0.10234375 0.790625 0.021875 0.021875
0 0.24140625 0.70234375 0.0203125 0.028125
0 0.27265625 0.70546875 0.01484375 0.01796875
0 0.1546875 0.7015625 0.01328125 0.0203125
0 0.15234375 0.83671875 0.021875 0.0203125
0 0.28515625 0.878125 0.0234375 0.0234375
0 0.83203125 0.7609375 0.0234375 0.01796875
0 0.9640625 0.1796875 0.01796875 0.0234375
0 0.925 0.17890625 0.01328125 0.021875
0 0.890625 0.18046875 0.01796875 0.021875
0 0.796875 0.36171875 0.01328125 0.0234375
0 0.8953125 0.80234375 0.01640625 0.025
0 0.6515625 0.71484375 0.0203125 0.01640625
0 0.6859375 0.28046875 0.01484375 0.021875
0 0.72109375 0.2859375 0.01796875 0.01796875
0 0.8171875 0.81171875 0.01796875 0.0203125
0 0.83203125 0.71953125 0.0234375 0.01796875
0 0.77890625 0.72109375 0.01484375 0.021875
0 0.80234375 0.715625 0.01484375 0.01796875