0 0.196875 0.728125 0.03671875 0.05
0 0.2828125 0.72890625 0.0453125 0.0453125
0 0.06953125 0.8109375 0.028125 0.028125
0 0.33515625 0.840625 0.03359375 0.0453125
0 0.38671875 0.8390625 0.03671875 0.04140625
0 0.971875 0.8359375 0.03359375 0.03515625
0 0.89765625 0.86328125 0.021875 0.0234375
0 0.89765625 0.8890625 0.021875 0.021875
0 0.62265625 0.8234375 0.03515625 0.03359375
0 0.7109375 0.83359375 0.03203125 0.03984375
0 0.721875 0.8578125 0.0296875 0.03203125
0 0.72109375 0.246875 0.0453125 0.05
0 0.8859375 0.24765625 0.03515625 0.04140625
0 0.8234375 0.4453125 0.0265625 0.0234375
0 0.059375 0.36484375 0.04140625 0.046875
0 0.29296875 0.36484375 0.046875 0.046875
0 0.2546875 0.3671875 0.04296875 0.04140625
0 0.20546875 0.37265625 0.0453125 0.0484375
0 0.1046875 0.3703125 0.03359375 0.04296875
0 0.61171875 0.1890625 0.0296875 0.021875
0 0.06328125 0.2859375 0.03984375 0.04140625
0 0.0609375 0.25 0.028125 0.0234375
0 0.06640625 0.2234375 0.03359375 0.0296875
0 0.125 0.2515625 0.03359375 0.0265625
0 0.13359375 0.27578125 0.03359375 0.03515625
0 0.1625 0.27578125 0.03203125 0.03828125
0 0.19140625 0.265625 0.0234375 0.028125
0 0.221875 0.2734375 0.0265625 0.0296875
0 0.80390625 0.24609375 0.025 0.028125
0 0.96015625 0.2390625 0.0265625 0.025
0 0.4484375 0.24765625 0.0296875 0.03203125
0 0.59140625 0.21328125 0.0234375 0.0234375
0 0.52890625 0.234375 0.021875 0.021875
0 0.63671875 0.325 0.0203125 0.0203125
0 0.6078125 0.3265625 0.021875 0.0265625
0 0.5140625 0.33046875 0.025 0.025
0 0.4515625 0.328125 0.0234375 0.0296875
0 0.42734375 0.30859375 0.028125 0.0265625
0 0.43046875 0.27578125 0.03203125 0.028125
0 0.53515625 0.82109375 0.0234375 0.028125
0 0.5609375 0.825 0.025 0.0265625