0 0.73515625 0.6171875 0.046875 0.03828125
0 0.79296875 0.62109375 0.03984375 0.04140625
0 0.57578125 0.37578125 0.028125 0.03515625
0 0.6015625 0.36640625 0.0296875 0.03671875
0 0.515625 0.30234375 0.01796875 0.03203125
0 0.5390625 0.2921875 0.028125 0.03203125
0 0.61171875 0.28046875 0.0234375 0.03515625
0 0.6390625 0.2765625 0.021875 0.03359375
0 0.94765625 0.27265625 0.03203125 0.028125
0 0.8796875 0.2265625 0.0296875 0.03671875
0 0.9125 0.2265625 0.025 0.03984375
0 0.70390625 0.265625 0.021875 0.025
0 0.7265625 0.2578125 0.0265625 0.028125
0 0.690625 0.22890625 0.025 0.03515625
0 0.71953125 0.2234375 0.021875 0.0296875
0 0.88046875 0.41328125 0.03203125 0.0296875