0 0.065625 0.265625 0.03203125 0.028125
0 0.08046875 0.28984375 0.04140625 0.0296875
0 0.1875 0.27421875 0.028125 0.028125
0 0.1078125 0.3421875 0.03515625 0.028125
0 0.146875 0.43046875 0.0265625 0.028125
0 0.16328125 0.46796875 0.0234375 0.0296875
0 0.203125 0.4515625 0.0296875 0.0265625
0 0.2421875 0.41484375 0.028125 0.0203125
0 0.2421875 0.3828125 0.03203125 0.021875
0 0.2140625 0.3265625 0.028125 0.0265625
0 0.33515625 0.390625 0.03984375 0.03515625
0 0.48203125 0.30859375 0.03359375 0.0296875
0 0.2421875 0.596875 0.04140625 0.0265625
0 0.93828125 0.553125 0.03671875 0.0265625
0 0.6125 0.31796875 0.028125 0.0265625
0 0.58515625 0.346875 0.03359375 0.0265625
0 0.78203125 0.3421875 0.03359375 0.021875
0 0.80390625 0.365625 0.025 0.025
0 0.87421875 0.43046875 0.03515625 0.03515625
0 0.8515625 0.06328125 0.03671875 0.03984375
0 0.98828125 0.11328125 0.0234375 0.03359375
0 0.8203125 0.1703125 0.0296875 0.0265625
0 0.90546875 0.1515625 0.025 0.0296875
0 0.94765625 0.19765625 0.03515625 0.025
0 0.9234375 0.246875 0.03359375 0.0296875
0 0.9484375 0.35703125 0.03984375 0.0265625
0 0.7546875 0.465625 0.0265625 0.03828125
0 0.91640625 0.3375 0.0203125 0.01796875
0 0.68359375 0.39609375 0.0203125 0.025