0 0.58828125 0.09296875 0.06640625 0.0796875
0 0.6578125 0.1390625 0.06796875 0.08203125
0 0.75 0.1921875 0.096875 0.0953125
0 0.275 0.4296875 0.053125 0.06015625
0 0.3171875 0.50859375 0.05859375 0.05703125
0 0.13984375 0.6609375 0.09296875 0.08203125
0 0.22890625 0.73046875 0.078125 0.075
0 0.4109375 0.5515625 0.09140625 0.103125
0 0.5015625 0.628125 0.08671875 0.09296875
0 0.5890625 0.70234375 0.08203125 0.0984375
0 0.67578125 0.9390625 0.06171875 0.05859375
0 0.55078125 0.38828125 0.0984375 0.1
0 0.72734375 0.37734375 0.1015625 0.1015625
0 0.02265625 0.02109375 0.0453125 0.04140625