0 0.0265625 0.2890625 0.053125 0.0546875
0 0.025 0.23203125 0.05 0.06015625
0 0.07734375 0.2046875 0.0546875 0.05703125
0 0.12578125 0.23984375 0.03203125 0.03984375
0 0.17734375 0.2609375 0.0484375 0.06484375
0 0.2296875 0.28203125 0.03671875 0.03671875
0 0.171875 0.3734375 0.05703125 0.06328125
0 0.2296875 0.40078125 0.05 0.0484375
0 0.2765625 0.31015625 0.05 0.06328125
0 0.328125 0.340625 0.03984375 0.0546875
0 0.40703125 0.321875 0.03359375 0.0296875
0 0.4265625 0.2921875 0.03671875 0.03515625
0 0.3 0.11171875 0.03359375 0.03359375
0 0.26953125 0.10859375 0.03203125 0.0234375
0 0.25078125 0.08203125 0.0546875 0.03359375
0 0.2515625 0.04609375 0.04296875 0.03203125
0 0.34453125 0.01640625 0.03515625 0.0234375
0 0.496875 0.04609375 0.0203125 0.025
0 0.54765625 0.1 0.028125 0.0203125
0 0.6109375 0.1203125 0.0453125 0.046875
0 0.6296875 0.05703125 0.0265625 0.0234375
0 0.71171875 0.0953125 0.06640625 0.053125
0 0.67578125 0.1515625 0.05859375 0.05
0 0.715625 0.16171875 0.028125 0.03671875
0 0.75234375 0.1796875 0.03828125 0.0265625
0 0.73515625 0.24765625 0.04296875 0.03203125
0 0.721875 0.2796875 0.03671875 0.0234375
0 0.7140625 0.31484375 0.03203125 0.0296875
0 0.828125 0.315625 0.04296875 0.04140625
0 0.871875 0.259375 0.046875 0.0515625
0 0.9234375 0.2375 0.03359375 0.03515625
0 0.94921875 0.33046875 0.03515625 0.028125
0 0.97265625 0.36015625 0.03515625 0.0265625
0 0.8703125 0.43359375 0.0296875 0.03359375
0 0.93828125 0.46015625 0.0265625 0.0296875
0 0.946875 0.571875 0.03671875 0.0296875
0 0.771875 0.515625 0.0234375 0.025
0 0.8046875 0.534375 0.03359375 0.03828125
0 0.7328125 0.60546875 0.03515625 0.03828125
0 0.86171875 0.6296875 0.0296875 0.0265625
0 0.409375 0.05 0.028125 0.0265625
0 0.32578125 0.68515625 0.04140625 0.03359375
0 0.27421875 0.90546875 0.03515625 0.03203125
0 0.30078125 0.93828125 0.03515625 0.03671875
0 0.346875 0.8828125 0.046875 0.03203125
0 0.37734375 0.82734375 0.05859375 0.0484375
0 0.43046875 0.72734375 0.06171875 0.0515625
0 0.46640625 0.6625 0.03671875 0.028125
0 0.52265625 0.725 0.03828125 0.03671875
0 0.7421875 0.96015625 0.03515625 0.03984375
0 0.740625 0.82421875 0.03203125 0.03828125
0 0.7640625 0.8015625 0.03515625 0.03671875
0 0.7703125 0.7390625 0.03984375 0.03203125
0 0.671875 0.6671875 0.03984375 0.028125
0 0.88984375 0.68828125 0.046875 0.03984375
0 0.52421875 0.1640625 0.01796875 0.021875
0 0.53515625 0.06015625 0.0203125 0.0234375
0 0.55859375 0.075 0.03671875 0.0265625
0 0.52421875 0.14296875 0.03203125 0.0234375