0 0.265625 0.19921875 0.04140625 0.03828125
0 0.37890625 0.2265625 0.04140625 0.03984375
0 0.33671875 0.2625 0.03671875 0.03515625
0 0.43671875 0.25859375 0.03671875 0.03671875
0 0.38828125 0.3703125 0.03671875 0.03671875
0 0.35546875 0.29609375 0.028125 0.03203125
0 0.453125 0.34609375 0.04296875 0.0453125
0 0.48046875 0.41015625 0.03203125 0.0265625
0 0.5390625 0.62890625 0.04140625 0.0453125
0 0.50390625 0.73984375 0.025 0.0234375
0 0.47578125 0.8375 0.03828125 0.04140625
0 0.534375 0.83984375 0.03828125 0.03984375
0 0.4921875 0.87734375 0.0453125 0.03828125
0 0.03671875 0.89140625 0.0265625 0.0265625
0 0.053125 0.96953125 0.0296875 0.03515625
0 0.153125 0.48515625 0.03359375 0.0265625