0 0.12265625 0.53984375 0.0515625 0.053125
0 0.1296875 0.60390625 0.053125 0.0546875
0 0.27421875 0.62421875 0.0515625 0.0546875
0 0.328125 0.61953125 0.053125 0.0515625
0 0.25546875 0.52734375 0.03515625 0.04140625
0 0.29453125 0.5234375 0.028125 0.04296875
0 0.484375 0.6015625 0.0453125 0.05
0 0.528125 0.59765625 0.03671875 0.0453125
0 0.7171875 0.590625 0.03203125 0.03203125
0 0.75078125 0.58515625 0.028125 0.0265625
0 0.8203125 0.57265625 0.0296875 0.025
0 0.853125 0.56796875 0.0296875 0.0234375
0 0.88515625 0.56328125 0.0265625 0.0234375
0 0.93515625 0.55234375 0.0234375 0.01796875
0 0.9625 0.5484375 0.021875 0.01640625