0 0.78671875 0.26640625 0.03359375 0.0265625
0 0.78515625 0.33359375 0.03671875 0.0296875
0 0.246875 0.4640625 0.0296875 0.03515625
0 0.3875 0.46640625 0.04140625 0.05
0 0.28046875 0.46796875 0.028125 0.03359375
0 0.32734375 0.47421875 0.03828125 0.0484375
0 0.778125 0.48515625 0.0203125 0.0203125
0 0.77421875 0.5171875 0.01796875 0.01796875
0 0.3515625 0.1265625 0.03984375 0.046875
0 0.3 0.12734375 0.053125 0.04140625
0 0.22265625 0.13046875 0.028125 0.03828125
0 0.7609375 0.14140625 0.028125 0.0234375
0 0.19765625 0.1421875 0.021875 0.021875
0 0.1671875 0.14609375 0.021875 0.021875