0 0.53046875 0.215625 0.025 0.028125
0 0.83984375 0.31484375 0.01640625 0.0203125
0 0.58984375 0.35078125 0.0203125 0.01796875
0 0.58984375 0.375 0.0234375 0.0234375
0 0.60234375 0.43515625 0.021875 0.0203125
0 0.66484375 0.43515625 0.0203125 0.0265625
0 0.0078125 0.4984375 0.01484375 0.01328125
0 0.00703125 0.51328125 0.01328125 0.01015625
0 0.45703125 0.51796875 0.01328125 0.01328125
0 0.42421875 0.5203125 0.01484375 0.01640625
0 0.3015625 0.53203125 0.01328125 0.0203125
0 0.034375 0.53203125 0.025 0.03671875
0 0.33046875 0.53359375 0.01171875 0.01640625
0 0.3921875 0.53515625 0.01484375 0.01640625
0 0.315625 0.54140625 0.01484375 0.0203125
0 0.33359375 0.55234375 0.01328125 0.021875
0 0.16328125 0.55234375 0.0203125 0.021875
0 0.39140625 0.5578125 0.01328125 0.01484375
0 0.221875 0.5609375 0.01640625 0.00859375
0 0.19765625 0.5671875 0.01796875 0.021875
0 0.29453125 0.56953125 0.021875 0.01796875
0 0.32890625 0.571875 0.01796875 0.0203125
0 0.228125 0.5734375 0.01328125 0.01328125
0 0.4265625 0.575 0.01640625 0.01328125
0 0.26484375 0.5765625 0.01328125 0.01328125
0 0.46484375 0.609375 0.01328125 0.01484375
0 0.225 0.8453125 0.0234375 0.0203125
0 0.31484375 0.88984375 0.0234375 0.0203125