0 0.1203125 0.18046875 0.01328125 0.021875
0 0.053125 0.1890625 0.0203125 0.025
0 0.89609375 0.27265625 0.03828125 0.03828125
0 0.89921875 0.31484375 0.0453125 0.03359375
0 0.36796875 0.3421875 0.03359375 0.03203125
0 0.94296875 0.3515625 0.03359375 0.03984375
0 0.903125 0.35859375 0.0296875 0.03671875
0 0.31015625 0.3625 0.0296875 0.028125
0 0.22265625 0.371875 0.03203125 0.03671875
0 0.2578125 0.37265625 0.025 0.028125
0 0.05 0.3734375 0.0234375 0.03359375
0 0.1578125 0.37734375 0.021875 0.028125
0 0.01171875 0.39609375 0.0234375 0.03828125
0 0.90703125 0.39765625 0.03359375 0.028125
0 0.6046875 0.39921875 0.0296875 0.03515625
0 0.5734375 0.4015625 0.0296875 0.03984375
0 0.13984375 0.41796875 0.03359375 0.0296875
0 0.296875 0.44765625 0.03671875 0.04140625
0 0.05859375 0.4546875 0.0296875 0.03671875
0 0.15078125 0.4609375 0.028125 0.03828125
0 0.878125 0.05390625 0.0296875 0.03203125
0 0.01484375 0.5828125 0.01328125 0.01796875
0 0.66953125 0.0640625 0.028125 0.03828125
0 0.62109375 0.0734375 0.028125 0.03984375
0 0.70390625 0.078125 0.03515625 0.03359375
0 0.26328125 0.0859375 0.01328125 0.025
0 0.24609375 0.0890625 0.01484375 0.021875
0 0.22578125 0.08984375 0.01484375 0.01640625
0 0.88359375 0.08984375 0.03984375 0.03984375
0 0.70234375 0.1125 0.03515625 0.025
0 0.88203125 0.1296875 0.03984375 0.03671875
0 0.7015625 0.1453125 0.0296875 0.03671875
0 0.88515625 0.16484375 0.03359375 0.03359375