0 0.1015625 0.5734375 0.0265625 0.03671875
0 0.0859375 0.6328125 0.03203125 0.028125
0 0.08984375 0.665625 0.0234375 0.025
0 0.4546875 0.54609375 0.0234375 0.021875
0 0.4109375 0.59453125 0.028125 0.028125
0 0.33359375 0.51171875 0.0265625 0.0296875
0 0.36171875 0.50546875 0.0265625 0.028125
0 0.4140625 0.5375 0.025 0.025
0 0.0625 0.6671875 0.021875 0.01796875
0 0.58828125 0.528125 0.0203125 0.0203125
0 0.625 0.5265625 0.0203125 0.01640625
0 0.90546875 0.41484375 0.025 0.03671875
0 0.9640625 0.40546875 0.03515625 0.0515625
0 0.040625 0.6359375 0.021875 0.025