0 0.721875 0.4625 0.046875 0.06171875
0 0.56171875 0.490625 0.053125 0.0546875
0 0.915625 0.51484375 0.03515625 0.03359375
0 0.6859375 0.51953125 0.0453125 0.0515625
0 0.92421875 0.57109375 0.04140625 0.0546875
0 0.26015625 0.6578125 0.06328125 0.0515625
0 0.63671875 0.67109375 0.04296875 0.04140625
0 0.6796875 0.70546875 0.03984375 0.03828125
0 0.48359375 0.7140625 0.046875 0.0453125
0 0.86640625 0.74609375 0.0296875 0.03515625
0 0.92734375 0.75546875 0.03515625 0.028125
0 0.4796875 0.76796875 0.03671875 0.03984375
0 0.6703125 0.77578125 0.03359375 0.04140625
0 0.96015625 0.78828125 0.0234375 0.03359375
0 0.62265625 0.8046875 0.0453125 0.053125
0 0.5765625 0.82734375 0.03984375 0.0484375
0 0.37890625 0.8546875 0.025 0.0265625
0 0.48828125 0.9078125 0.0296875 0.028125
0 0.42578125 0.915625 0.028125 0.028125