0 0.06328125 0.20234375 0.0734375 0.06171875
0 0.20078125 0.303125 0.071875 0.05
0 0.2015625 0.2453125 0.06640625 0.053125
0 0.1953125 0.5546875 0.05703125 0.046875
0 0.1921875 0.67734375 0.0515625 0.03828125
0 0.075 0.9375 0.0703125 0.0546875
0 0.2 0.97421875 0.05703125 0.0453125
0 0.33984375 0.24453125 0.05703125 0.03828125
0 0.3078125 0.29296875 0.05859375 0.046875
0 0.3078125 0.34609375 0.05859375 0.0453125
0 0.3390625 0.45234375 0.075 0.0546875
0 0.43984375 0.35234375 0.09296875 0.0953125
0 0.57578125 0.203125 0.1046875 0.0796875
0 0.65390625 0.20703125 0.0515625 0.03984375
0 0.56953125 0.284375 0.078125 0.05859375
0 0.6421875 0.2875 0.071875 0.078125
0 0.7078125 0.29140625 0.06484375 0.053125
0 0.76953125 0.29296875 0.06484375 0.05703125
0 0.934375 0.17421875 0.06484375 0.0515625
0 0.9796875 0.1421875 0.03984375 0.06171875
0 0.92109375 0.26015625 0.06171875 0.06640625
0 0.9640625 0.4046875 0.071875 0.0734375
0 0.784375 0.38671875 0.071875 0.0734375
0 0.8015625 0.453125 0.06328125 0.05
0 0.69765625 0.453125 0.0453125 0.03359375
0 0.6015625 0.49453125 0.06015625 0.06171875
0 0.7546875 0.55078125 0.05703125 0.05859375