0 0.40859375 0.1421875 0.0296875 0.025
0 0.4078125 0.1765625 0.0453125 0.0296875
0 0.4125 0.21484375 0.03828125 0.0296875
0 0.0671875 0.23046875 0.025 0.03203125
0 0.01171875 0.48359375 0.0234375 0.0265625
0 0.01328125 0.9265625 0.0265625 0.0234375
0 0.4390625 0.75078125 0.0453125 0.03515625
0 0.45 0.5 0.03671875 0.0296875
0 0.43828125 0.43046875 0.04296875 0.03828125
0 0.715625 0.1171875 0.0453125 0.03515625
0 0.72421875 0.19296875 0.03515625 0.0265625
0 0.728125 0.22265625 0.04296875 0.03203125
0 0.73515625 0.2828125 0.046875 0.03515625
0 0.74140625 0.3484375 0.04296875 0.03359375
0 0.74921875 0.38671875 0.04140625 0.03984375
0 0.75078125 0.425 0.03203125 0.0265625
0 0.74140625 0.628125 0.03359375 0.03359375
0 0.6703125 0.7671875 0.04296875 0.03515625