0 0.02734375 0.04609375 0.03203125 0.03203125
0 0.1859375 0.2515625 0.01484375 0.01328125
0 0.2171875 0.284375 0.01484375 0.01796875
0 0.26171875 0.16640625 0.01640625 0.01640625
0 0.2859375 0.165625 0.01484375 0.01796875
0 0.31015625 0.1640625 0.01640625 0.021875
0 0.33515625 0.16015625 0.01640625 0.0203125
0 0.44765625 0.14296875 0.025 0.0296875
0 0.60859375 0.12734375 0.01328125 0.01796875
0 0.6328125 0.125 0.01484375 0.0203125
0 0.425 0.31015625 0.0265625 0.0296875
0 0.315625 0.321875 0.025 0.0296875
0 0.1703125 0.72265625 0.01640625 0.01796875
0 0.18515625 0.675 0.01328125 0.0203125
0 0.284375 0.603125 0.025 0.0296875
0 0.36640625 0.3265625 0.01640625 0.01640625
0 0.47578125 0.34765625 0.01484375 0.01484375
0 0.484375 0.3265625 0.01796875 0.01640625
0 0.6109375 0.278125 0.01484375 0.0203125
0 0.66015625 0.271875 0.01328125 0.0203125
0 0.72734375 0.33046875 0.01796875 0.021875
0 0.73828125 0.309375 0.01640625 0.01484375
0 0.7296875 0.26640625 0.01640625 0.01328125
0 0.7375 0.2859375 0.01796875 0.01796875
0 0.77421875 0.33203125 0.03203125 0.03359375
0 0.8140625 0.2875 0.01796875 0.01796875
0 0.69921875 0.4546875 0.03828125 0.05
0 0.75234375 0.48984375 0.028125 0.0296875
0 0.725 0.5546875 0.0234375 0.0296875
0 0.7546875 0.5546875 0.0265625 0.0296875
0 0.7109375 0.63359375 0.028125 0.0296875
0 0.678125 0.6375 0.01640625 0.021875
0 0.64921875 0.64765625 0.025 0.03203125
0 0.621875 0.6546875 0.01640625 0.01640625
0 0.59609375 0.6453125 0.03203125 0.03671875
0 0.58046875 0.62734375 0.01796875 0.01484375
0 0.51796875 0.66953125 0.01640625 0.01484375
0 0.49921875 0.62421875 0.01796875 0.01484375
0 0.52265625 0.59140625 0.01484375 0.01328125
0 0.521875 0.57734375 0.01640625 0.01796875
0 0.8125 0.775 0.03515625 0.03359375
0 0.7390625 0.82265625 0.025 0.01796875
0 0.7484375 0.8734375 0.01640625 0.01640625
0 0.784375 0.95234375 0.021875 0.025
0 0.8375 0.98359375 0.0375 0.0328125