0 0.50859375 0.1515625 0.03359375 0.0265625
0 0.4234375 0.14453125 0.0296875 0.01796875
0 0.42734375 0.16953125 0.021875 0.021875
0 0.42421875 0.19140625 0.03203125 0.01640625
0 0.421875 0.21171875 0.0296875 0.0203125
0 0.41953125 0.23671875 0.03515625 0.0234375
0 0.421875 0.30078125 0.0265625 0.01796875
0 0.42109375 0.3234375 0.03203125 0.0234375
0 0.41953125 0.346875 0.025 0.0234375
0 0.4046875 0.37890625 0.0234375 0.021875
0 0.4203125 0.390625 0.0234375 0.01796875
0 0.52421875 0.4515625 0.04140625 0.03671875
0 0.58046875 0.43984375 0.028125 0.0234375
0 0.60703125 0.43515625 0.0265625 0.0234375
0 0.4609375 0.51796875 0.05859375 0.053125
0 0.5 0.590625 0.03671875 0.03203125
0 0.52734375 0.5796875 0.025 0.0234375
0 0.546875 0.56328125 0.0203125 0.0234375
0 0.55859375 0.63828125 0.046875 0.04296875
0 0.5875 0.61796875 0.03828125 0.03671875
0 0.62578125 0.7046875 0.03515625 0.0296875
0 0.63515625 0.73359375 0.03671875 0.0296875
0 0.6546875 0.7640625 0.03671875 0.03515625
0 0.67265625 0.78984375 0.01796875 0.01640625