0 0.42890625 0.23359375 0.03515625 0.03359375
0 0.6140625 0.1984375 0.03203125 0.03671875
0 0.640625 0.2390625 0.03203125 0.03515625
0 0.43359375 0.3609375 0.046875 0.06484375
0 0.49453125 0.38203125 0.0484375 0.0703125
0 0.234375 0.346875 0.03515625 0.046875
0 0.27265625 0.38046875 0.03515625 0.03515625
0 0.2828125 0.41796875 0.0515625 0.03359375
0 0.184375 0.3609375 0.04140625 0.03515625
0 0.16640625 0.39765625 0.03984375 0.03828125
0 0.1015625 0.421875 0.03984375 0.03671875
0 0.0734375 0.45390625 0.04296875 0.03515625
0 0.0859375 0.540625 0.04140625 0.03828125
0 0.08359375 0.62265625 0.04296875 0.03515625
0 0.0484375 0.72578125 0.05703125 0.03828125
0 0.0734375 0.76484375 0.053125 0.03984375
0 0.0640625 0.8703125 0.03828125 0.03671875
0 0.2765625 0.74765625 0.0765625 0.0546875
0 0.275 0.68671875 0.0765625 0.053125
0 0.2625 0.8109375 0.078125 0.06171875
0 0.27578125 0.5078125 0.0546875 0.0453125
0 0.4625 0.8046875 0.08515625 0.09296875
0 0.41328125 0.59296875 0.0796875 0.06015625
0 0.55546875 0.5703125 0.0546875 0.05703125
0 0.678125 0.65234375 0.053125 0.06171875
0 0.73984375 0.7453125 0.08984375 0.10703125
0 0.6234375 0.9375 0.0765625 0.06171875
0 0.82421875 0.71640625 0.06171875 0.06640625