0 0.18671875 0.26171875 0.0296875 0.0296875
0 0.309375 0.36640625 0.025 0.0234375
0 0.540625 0.3640625 0.028125 0.028125
0 0.3296875 0.26171875 0.03359375 0.03671875
0 0.33203125 0.2265625 0.0296875 0.03359375
0 0.2671875 0.2109375 0.028125 0.025
0 0.1234375 0.4484375 0.0265625 0.0234375
0 0.2296875 0.62265625 0.0234375 0.028125
0 0.1203125 0.365625 0.0296875 0.025
0 0.23046875 0.365625 0.01796875 0.01484375
0 0.0546875 0.2328125 0.0265625 0.025
0 0.765625 0.271875 0.021875 0.0265625
0 0.2421875 0.75 0.021875 0.03359375
0 0.0484375 0.75 0.0265625 0.03359375
0 0.1453125 0.83984375 0.0265625 0.03671875
0 0.97734375 0.3140625 0.021875 0.021875
0 0.84140625 0.271875 0.01640625 0.0265625
0 0.928125 0.25 0.0203125 0.0234375
0 0.6140625 0.0296875 0.01796875 0.0234375
0 0.328125 0.03984375 0.0265625 0.0296875
0 0.0765625 0.12734375 0.0296875 0.028125
0 0.85234375 0.18984375 0.021875 0.0234375
0 0.7875 0.20078125 0.028125 0.025
0 0.81484375 0.2703125 0.0203125 0.0265625
0 0.78671875 0.2296875 0.0265625 0.0234375
0 0.79296875 0.2546875 0.0203125 0.0234375
0 0.9890625 0.24921875 0.021875 0.028125
0 0.95703125 0.26796875 0.0234375 0.0234375
0 0.79140625 0.034375 0.0234375 0.021875
0 0.79140625 0.01015625 0.0234375 0.01640625
0 0.7125 0.0109375 0.03203125 0.01796875
0 0.65 0.0078125 0.03359375 0.01484375
0 0.26171875 0.01015625 0.0296875 0.01640625
0 0.853125 0.21796875 0.0265625 0.0234375
0 0.9890625 0.21640625 0.021875 0.0203125
0 0.2484375 0.7890625 0.0265625 0.03203125