0 0.04296875 0.92109375 0.0203125 0.01796875
0 0.0515625 0.73984375 0.04296875 0.03671875
0 0.06484375 0.7046875 0.0296875 0.0234375
0 0.065625 0.60078125 0.03515625 0.028125
0 0.16015625 0.6546875 0.04296875 0.03671875
0 0.15 0.68984375 0.0296875 0.0203125
0 0.2890625 0.72578125 0.03515625 0.03515625
0 0.1578125 0.734375 0.03203125 0.025
0 0.37421875 0.72265625 0.025 0.028125
0 0.253125 0.6375 0.04296875 0.0453125
0 0.29296875 0.6390625 0.03984375 0.03828125
0 0.33046875 0.6390625 0.03203125 0.03515625
0 0.36953125 0.63671875 0.03203125 0.03359375
0 0.44453125 0.6328125 0.03828125 0.0484375
0 0.49609375 0.63203125 0.025 0.0265625
0 0.6 0.715625 0.03671875 0.028125
0 0.59296875 0.57578125 0.03359375 0.021875
0 0.7578125 0.5953125 0.025 0.0265625
0 0.8328125 0.6609375 0.025 0.025
0 0.9859375 0.590625 0.028125 0.03203125
0 0.0515625 0.38828125 0.0296875 0.0234375
0 0.040625 0.278125 0.03515625 0.0203125
0 0.1046875 0.2390625 0.0203125 0.01796875
0 0.13515625 0.26015625 0.0234375 0.0234375
0 0.2578125 0.25078125 0.03515625 0.03203125
0 0.521875 0.11640625 0.046875 0.03359375
0 0.284375 0.2328125 0.025 0.03203125
0 0.3234375 0.2046875 0.046875 0.04296875
0 0.36484375 0.22265625 0.0265625 0.03203125
0 0.3859375 0.25859375 0.03828125 0.03984375
0 0.4671875 0.2453125 0.03203125 0.03359375
0 0.48984375 0.21796875 0.03984375 0.03984375
0 0.52578125 0.2125 0.025 0.025
0 0.565625 0.2671875 0.025 0.021875
0 0.56953125 0.3296875 0.025 0.0203125