0 0.10390625 0.1578125 0.06171875 0.0515625
0 0.125 0.134375 0.05 0.0453125
0 0.1796875 0.13671875 0.046875 0.053125
0 0.22578125 0.13671875 0.0453125 0.05703125
0 0.253125 0.25 0.06640625 0.06328125
0 0.384375 0.24765625 0.0484375 0.0453125
0 0.46484375 0.26015625 0.06640625 0.06640625
0 0.53984375 0.2796875 0.08984375 0.103125
0 0.65234375 0.2984375 0.121875 0.11328125
0 0.7515625 0.27734375 0.06015625 0.06171875
0 0.37734375 0.4453125 0.06171875 0.05703125
0 0.4921875 0.45 0.06171875 0.053125
0 0.55078125 0.4578125 0.0546875 0.0546875
0 0.609375 0.4578125 0.0546875 0.0515625
0 0.66953125 0.5734375 0.0515625 0.053125
0 0.62890625 0.61171875 0.0515625 0.046875
0 0.546875 0.6171875 0.053125 0.0515625
0 0.48828125 0.61484375 0.053125 0.05703125
0 0.1078125 0.88359375 0.0515625 0.053125
0 0.16484375 0.7828125 0.06015625 0.075
0 0.23359375 0.803125 0.06328125 0.06640625
0 0.2328125 0.86640625 0.0546875 0.06015625