0 0.059375 0.26328125 0.06484375 0.08671875
0 0.153125 0.24296875 0.06640625 0.05703125
0 0.2328125 0.2015625 0.071875 0.08671875
0 0.303125 0.16015625 0.06640625 0.06640625
0 0.26328125 0.4171875 0.06328125 0.06171875
0 0.346875 0.3875 0.06015625 0.05859375
0 0.453125 0.72578125 0.08359375 0.0953125
0 0.57109375 0.67890625 0.08203125 0.08203125
0 0.85703125 0.55703125 0.08359375 0.09296875
0 0.67578125 0.89765625 0.06796875 0.06484375
0 0.7640625 0.8671875 0.075 0.078125
0 0.41640625 0.3453125 0.06328125 0.06015625
0 0.40234375 0.275 0.06171875 0.0703125
0 0.37265625 0.19609375 0.06171875 0.06796875