0 0.32265625 0.18671875 0.06796875 0.06328125
0 0.196875 0.240625 0.046875 0.0453125
0 0.384375 0.26171875 0.025 0.03671875
0 0.08046875 0.30078125 0.03203125 0.03828125
0 0.290625 0.04765625 0.025 0.028125
0 0.91015625 0.575 0.05 0.05
0 0.62265625 0.6171875 0.04140625 0.0484375
0 0.50546875 0.62578125 0.0484375 0.0515625
0 0.7953125 0.65234375 0.04296875 0.0453125
0 0.228125 0.66640625 0.03984375 0.05703125
0 0.0296875 0.68671875 0.04296875 0.05703125
0 0.07734375 0.6953125 0.0453125 0.06015625
0 0.40078125 0.74609375 0.03828125 0.0484375
0 0.290625 0.75546875 0.04140625 0.0453125
0 0.8203125 0.79765625 0.06015625 0.06171875
0 0.71796875 0.8109375 0.03359375 0.03828125
0 0.7640625 0.8109375 0.0453125 0.0546875
0 0.31796875 0.853125 0.04296875 0.053125
0 0.6671875 0.90859375 0.08203125 0.0796875
0 0.30390625 0.10703125 0.071875 0.0734375
0 0.75546875 0.15390625 0.021875 0.03515625