0 0.51015625 0.3328125 0.06015625 0.06484375
0 0.58828125 0.334375 0.0703125 0.06171875
0 0.6546875 0.34140625 0.0703125 0.06640625
0 0.71171875 0.3390625 0.04296875 0.0515625
0 0.765625 0.3765625 0.06171875 0.05703125
0 0.259375 0.15703125 0.03828125 0.0296875
0 0.37109375 0.159375 0.03828125 0.025
0 0.47734375 0.16640625 0.03515625 0.0203125
0 0.81484375 0.71171875 0.06328125 0.05
0 0.76171875 0.59296875 0.0734375 0.05703125
0 0.77109375 0.440625 0.071875 0.05859375
0 0.759375 0.509375 0.08203125 0.05859375