0 0.09609375 0.60234375 0.03828125 0.0484375
0 0.17109375 0.6234375 0.04140625 0.053125
0 0.4734375 0.6390625 0.04296875 0.0484375
0 0.5296875 0.62421875 0.04296875 0.0484375
0 0.6734375 0.5703125 0.03984375 0.05
0 0.7390625 0.5359375 0.03828125 0.0453125
0 0.8546875 0.43984375 0.03984375 0.03671875
0 0.88671875 0.3921875 0.03671875 0.03515625
0 0.91953125 0.35859375 0.04140625 0.03671875
0 0.15703125 0.81484375 0.03671875 0.046875
0 0.25078125 0.809375 0.04140625 0.0484375
0 0.30078125 0.80859375 0.04140625 0.046875
0 0.45390625 0.8046875 0.0453125 0.046875
0 0.8078125 0.7984375 0.03828125 0.05
0 0.934375 0.621875 0.04140625 0.04296875