0 0.10859375 0.78203125 0.0234375 0.0265625
0 0.12890625 0.76796875 0.021875 0.0234375
0 0.1515625 0.753125 0.0234375 0.0265625
0 0.17265625 0.73828125 0.021875 0.0234375
0 0.14765625 0.82421875 0.025 0.025
0 0.21015625 0.78203125 0.0234375 0.0265625
0 0.2515625 0.75234375 0.0234375 0.025
0 0.27421875 0.7375 0.025 0.025
0 0.29765625 0.7234375 0.025 0.0234375
0 0.3609375 0.72734375 0.021875 0.025
0 0.41015625 0.72734375 0.0203125 0.025
0 0.40234375 0.68828125 0.03203125 0.0234375
0 0.4375 0.72578125 0.021875 0.025
0 0.46171875 0.7265625 0.0203125 0.0265625
0 0.5359375 0.7921875 0.025 0.021875
0 0.55 0.728125 0.0203125 0.0234375
0 0.5765625 0.728125 0.0234375 0.0234375
0 0.62734375 0.72734375 0.025 0.025
0 0.678125 0.728125 0.0203125 0.0265625