0 0.8328125 0.4265625 0.021875 0.0296875
0 0.68828125 0.46640625 0.0234375 0.0234375
0 0.73203125 0.45703125 0.0234375 0.03359375
0 0.6015625 0.48203125 0.0234375 0.0234375
0 0.58046875 0.4859375 0.021875 0.025
0 0.4296875 0.51640625 0.0234375 0.0265625
0 0.4515625 0.51015625 0.0234375 0.0234375
0 0.47578125 0.50703125 0.021875 0.0265625
0 0.49609375 0.50390625 0.01796875 0.025
0 0.5171875 0.496875 0.01796875 0.0265625
0 0.5390625 0.49296875 0.01796875 0.03359375
0 0.559375 0.48984375 0.01796875 0.0234375