0 0.0765625 0.44296875 0.0234375 0.0234375
0 0.253125 0.49296875 0.0265625 0.0296875
0 0.3109375 0.49765625 0.025 0.025
0 0.4015625 0.4984375 0.01640625 0.01640625
0 0.4265625 0.4984375 0.01640625 0.01640625
0 0.5015625 0.4421875 0.03359375 0.03515625
0 0.53984375 0.453125 0.01640625 0.01640625
0 0.528125 0.51328125 0.0265625 0.03359375
0 0.69609375 0.5109375 0.03828125 0.03828125
0 0.73828125 0.51171875 0.03671875 0.03984375
0 0.7765625 0.51328125 0.03359375 0.03984375
0 0.8171875 0.51484375 0.03828125 0.03984375
0 0.859375 0.5171875 0.03828125 0.03515625