0 0.40234375 0.23828125 0.04140625 0.046875
0 0.51796875 0.1421875 0.05703125 0.0546875
0 0.571875 0.1390625 0.04296875 0.0484375
0 0.63203125 0.13984375 0.046875 0.05
0 0.678125 0.13828125 0.046875 0.05
0 0.721875 0.12578125 0.03984375 0.05859375
0 0.78984375 0.16796875 0.06015625 0.046875
0 0.22421875 0.52421875 0.03203125 0.028125
0 0.1234375 0.68828125 0.046875 0.04296875
0 0.22734375 0.56640625 0.03828125 0.03671875
0 0.325 0.48828125 0.053125 0.05703125
0 0.2515625 0.6140625 0.05 0.04140625
0 0.2625 0.6609375 0.0515625 0.04140625
0 0.3609375 0.6109375 0.0546875 0.0515625
0 0.3796875 0.6578125 0.046875 0.04140625
0 0.49921875 0.5578125 0.0515625 0.0484375
0 0.80390625 0.4984375 0.0453125 0.046875