0 0.19921875 0.63671875 0.028125 0.0265625
0 0.165625 0.66171875 0.028125 0.0234375
0 0.1390625 0.68515625 0.028125 0.0234375
0 0.1140625 0.70390625 0.021875 0.025
0 0.0921875 0.72578125 0.025 0.021875
0 0.07265625 0.7390625 0.01796875 0.021875
0 0.7765625 0.20390625 0.0234375 0.028125
0 0.81015625 0.17890625 0.0234375 0.025
0 0.9015625 0.0875 0.0234375 0.03203125
0 0.83515625 0.0515625 0.0203125 0.0203125
0 0.84296875 0.06640625 0.01640625 0.0203125
0 0.85546875 0.0828125 0.021875 0.021875
0 0.8046875 0.0953125 0.0203125 0.0203125
0 0.81953125 0.11171875 0.021875 0.0234375
0 0.93203125 0.10234375 0.01640625 0.01484375
0 0.928125 0.0828125 0.01640625 0.01171875
0 0.5984375 0.28828125 0.0203125 0.01640625