0 0.37890625 0.40234375 0.071875 0.08203125
0 0.51953125 0.38515625 0.0515625 0.06328125
0 0.5875 0.3828125 0.078125 0.08203125
0 0.659375 0.36953125 0.0484375 0.06796875
0 0.4953125 0.534375 0.05 0.0453125
0 0.571875 0.5265625 0.03359375 0.0296875
0 0.5765625 0.565625 0.0296875 0.025
0 0.653125 0.56328125 0.0296875 0.0203125
0 0.6453125 0.52109375 0.03984375 0.03515625
0 0.93203125 0.03203125 0.046875 0.03984375
0 0.946875 0.1125 0.04296875 0.03203125
0 0.95390625 0.1578125 0.0515625 0.03515625
0 0.959375 0.1953125 0.0515625 0.03359375