0 0.046875 0.5125 0.03359375 0.03515625
0 0.09296875 0.4859375 0.03359375 0.04140625
0 0.040625 0.628125 0.025 0.03984375
0 0.0671875 0.6171875 0.01796875 0.028125
0 0.09140625 0.61015625 0.01640625 0.0265625
0 0.16796875 0.57578125 0.0234375 0.028125
0 0.1953125 0.57109375 0.0265625 0.03203125
0 0.309375 0.58359375 0.01484375 0.0203125
0 0.66171875 0.446875 0.0296875 0.0234375
0 0.140625 0.21796875 0.03828125 0.03984375
0 0.23359375 0.23359375 0.01640625 0.0234375
0 0.515625 0.37265625 0.03203125 0.04140625
0 0.34765625 0.39609375 0.021875 0.025
0 0.42265625 0.3421875 0.028125 0.025
0 0.4328125 0.3109375 0.03203125 0.03203125
0 0.44921875 0.2765625 0.03203125 0.03359375
0 0.475 0.21796875 0.0296875 0.0296875
0 0.5125 0.2703125 0.025 0.0234375
0 0.4828125 0.33671875 0.021875 0.0203125
0 0.55859375 0.2578125 0.0234375 0.025
0 0.503125 0.1625 0.0296875 0.03203125
0 0.5484375 0.18359375 0.0265625 0.0234375
0 0.67734375 0.92109375 0.03515625 0.03828125
0 0.90390625 0.9296875 0.0453125 0.03671875
0 0.7453125 0.2125 0.0265625 0.03203125
0 0.809375 0.16328125 0.028125 0.03671875
0 0.63828125 0.17265625 0.03671875 0.03828125
0 0.8046875 0.23671875 0.0203125 0.0265625
0 0.825 0.08515625 0.0296875 0.03671875
0 0.865625 0.1046875 0.03515625 0.03984375