0 0.0546875 0.353125 0.0265625 0.0296875
0 0.20390625 0.34140625 0.028125 0.0234375
0 0.19296875 0.07265625 0.0296875 0.028125
0 0.4171875 0.05078125 0.025 0.03203125
0 0.47109375 0.08671875 0.03203125 0.0234375
0 0.52109375 0.0359375 0.025 0.03515625
0 0.5578125 0.0375 0.03203125 0.04140625
0 0.65234375 0.08671875 0.0484375 0.053125
0 0.26796875 0.29296875 0.0234375 0.0296875
0 0.2765625 0.346875 0.0234375 0.0265625
0 0.90234375 0.38203125 0.025 0.03671875
0 0.3640625 0.278125 0.03515625 0.0265625
0 0.3703125 0.30859375 0.03984375 0.0265625
0 0.3796875 0.33671875 0.0296875 0.0234375
0 0.4 0.34921875 0.0234375 0.021875
0 0.421875 0.246875 0.0265625 0.0296875
0 0.48828125 0.24609375 0.0296875 0.03203125
0 0.5890625 0.22734375 0.028125 0.03203125
0 0.615625 0.23828125 0.01796875 0.0234375
0 0.634375 0.29609375 0.03203125 0.028125
0 0.61484375 0.32265625 0.03359375 0.03203125
0 0.55703125 0.3734375 0.046875 0.03359375
0 0.56015625 0.4171875 0.03671875 0.03203125
0 0.584375 0.4953125 0.06796875 0.06015625
0 0.584375 0.546875 0.05859375 0.04296875
0 0.653125 0.52109375 0.053125 0.05859375
0 0.2609375 0.771875 0.03203125 0.046875
0 0.4171875 0.69453125 0.03203125 0.025
0 0.340625 0.678125 0.025 0.01640625
0 0.4390625 0.7515625 0.0453125 0.04296875
0 0.509375 0.75703125 0.03515625 0.04296875
0 0.47109375 0.76015625 0.025 0.03671875
0 0.61015625 0.628125 0.03359375 0.04296875
0 0.59765625 0.73984375 0.0484375 0.053125
0 0.63828125 0.740625 0.0296875 0.0453125
0 0.625 0.90390625 0.03359375 0.028125