0 0.6375 0.37421875 0.021875 0.03203125
0 0.6984375 0.36484375 0.0234375 0.0265625
0 0.646875 0.5046875 0.0234375 0.0265625
0 0.73984375 0.57890625 0.03984375 0.03515625
0 0.90546875 0.68515625 0.03203125 0.03359375
0 0.5 0.53828125 0.03359375 0.0296875
0 0.215625 0.65078125 0.028125 0.028125
0 0.15234375 0.48828125 0.03203125 0.0234375
0 0.14921875 0.3734375 0.028125 0.0296875
0 0.35 0.32265625 0.0296875 0.025
0 0.49296875 0.675 0.0203125 0.0296875
0 0.7328125 0.2625 0.03203125 0.028125
0 0.459375 0.18828125 0.025 0.0203125
0 0.39453125 0.18671875 0.021875 0.03359375
0 0.484375 0.253125 0.028125 0.0296875
0 0.48671875 0.3515625 0.0234375 0.0234375
0 0.36640625 0.675 0.0296875 0.0265625
0 0.37265625 0.71015625 0.01484375 0.01640625
0 0.4484375 0.725 0.0203125 0.0265625
0 0.05 0.490625 0.0265625 0.028125