0 0.0515625 0.62265625 0.0734375 0.0515625
0 0.053125 0.5015625 0.05703125 0.05703125
0 0.021875 0.54765625 0.03984375 0.075
0 0.17890625 0.61171875 0.0484375 0.046875
0 0.18046875 0.6765625 0.0515625 0.04296875
0 0.440625 0.54296875 0.0515625 0.06640625
0 0.4984375 0.553125 0.046875 0.06015625
0 0.74453125 0.6328125 0.0484375 0.0484375
0 0.81484375 0.6890625 0.06015625 0.0453125
0 0.978125 0.5890625 0.04296875 0.0453125
0 0.79921875 0.865625 0.06171875 0.05859375
0 0.7609375 0.759375 0.0484375 0.0484375