0 0.09453125 0.98515625 0.028125 0.0296875
0 0.1109375 0.8859375 0.03515625 0.03515625
0 0.02109375 0.83828125 0.03828125 0.0296875
0 0.0875 0.6828125 0.0546875 0.0515625
0 0.19140625 0.6703125 0.03671875 0.0296875
0 0.23828125 0.66796875 0.03359375 0.03359375
0 0.41796875 0.484375 0.03671875 0.03203125
0 0.41796875 0.43984375 0.03671875 0.0296875
0 0.25078125 0.2921875 0.028125 0.028125
0 0.13515625 0.1359375 0.0296875 0.03203125
0 0.00859375 0.2109375 0.01640625 0.025
0 0.92421875 0.04609375 0.01484375 0.01796875
0 0.92890625 0.11484375 0.03515625 0.0296875
0 0.88359375 0.15234375 0.0265625 0.03203125
0 0.803125 0.2234375 0.0296875 0.0296875
0 0.71640625 0.2671875 0.0296875 0.028125
0 0.6875 0.284375 0.025 0.028125
0 0.56484375 0.41484375 0.0296875 0.0296875
0 0.56640625 0.46015625 0.03359375 0.0296875
0 0.6359375 0.41015625 0.028125 0.0265625
0 0.81640625 0.4921875 0.03359375 0.03203125
0 0.7390625 0.6390625 0.03203125 0.03203125
0 0.65703125 0.6421875 0.0296875 0.028125
0 0.8796875 0.92890625 0.03359375 0.03828125
0 0.94453125 0.78203125 0.03515625 0.03671875
0 0.98828125 0.77890625 0.0234375 0.04140625