0 0.08828125 0.18046875 0.0703125 0.0546875
0 0.05 0.221875 0.053125 0.053125
0 0.08984375 0.265625 0.06328125 0.0546875
0 0.07890625 0.39765625 0.05859375 0.0546875
0 0.271875 0.7171875 0.06328125 0.075
0 0.26484375 0.88046875 0.06328125 0.071875
0 0.453125 0.87421875 0.05703125 0.06171875
0 0.34921875 0.72109375 0.06484375 0.071875
0 0.5015625 0.72421875 0.06328125 0.078125
0 0.821875 0.86171875 0.04296875 0.05
0 0.96328125 0.86640625 0.053125 0.06015625
0 0.9171875 0.1453125 0.06484375 0.05703125
0 0.765625 0.24140625 0.0515625 0.05
0 0.74453125 0.30703125 0.06484375 0.05703125
0 0.6546875 0.39296875 0.05703125 0.06015625
0 0.76796875 0.36796875 0.05 0.053125
0 0.5703125 0.1109375 0.05 0.0515625
0 0.5546875 0.17265625 0.06015625 0.05859375
0 0.54609375 0.2421875 0.0515625 0.0546875
0 0.45 0.40078125 0.06015625 0.05859375
0 0.365625 0.3453125 0.0453125 0.04296875
0 0.340625 0.27734375 0.05859375 0.05859375
0 0.35 0.0828125 0.06015625 0.0546875