0 0.4625 0.62578125 0.04140625 0.03203125
0 0.24921875 0.49765625 0.03203125 0.03203125
0 0.45390625 0.41484375 0.03203125 0.0296875
0 0.6140625 0.378125 0.0515625 0.05703125
0 0.42734375 0.0546875 0.03203125 0.0265625
0 0.43046875 0.0890625 0.028125 0.028125
0 0.78671875 0.465625 0.03984375 0.04140625
0 0.8765625 0.5828125 0.0296875 0.03515625
0 0.9625 0.7 0.025 0.03359375
0 0.796875 0.6703125 0.0265625 0.0265625
0 0.71328125 0.53984375 0.0265625 0.0296875
0 0.7484375 0.49921875 0.0265625 0.03515625
0 0.690625 0.4875 0.03203125 0.028125
0 0.5703125 0.43046875 0.03671875 0.0453125
0 0.4 0.565625 0.03359375 0.03203125
0 0.72265625 0.19921875 0.025 0.01796875
0 0.853125 0.6203125 0.0265625 0.0234375
0 0.68203125 0.57578125 0.0234375 0.03203125
0 0.50703125 0.48046875 0.0265625 0.028125
0 0.459375 0.2078125 0.03203125 0.028125
0 0.534375 0.234375 0.028125 0.028125
0 0.55234375 0.26171875 0.028125 0.0296875
0 0.50234375 0.51171875 0.028125 0.0234375
0 0.36328125 0.55703125 0.03359375 0.0296875
0 0.425 0.53671875 0.0265625 0.0265625
0 0.45859375 0.53359375 0.0296875 0.0296875
0 0.31328125 0.5046875 0.0265625 0.0265625
0 0.6296875 0.32890625 0.0265625 0.028125
0 0.490625 0.17421875 0.03203125 0.028125
0 0.3671875 0.0125 0.03203125 0.025