0 0.48046875 0.9625 0.03828125 0.03828125
0 0.5625 0.95703125 0.04140625 0.04296875
0 0.6015625 0.95546875 0.03671875 0.0453125
0 0.65234375 0.94921875 0.0453125 0.0453125
0 0.81640625 0.61796875 0.03984375 0.053125
0 0.7046875 0.6296875 0.04296875 0.046875
0 0.61953125 0.759375 0.03828125 0.03203125
0 0.534375 0.4953125 0.03828125 0.03671875
0 0.68359375 0.4 0.046875 0.03984375
0 0.62421875 0.36796875 0.04140625 0.03984375
0 0.6078125 0.32265625 0.0453125 0.0453125
0 0.565625 0.309375 0.04140625 0.0453125
0 0.521875 0.3109375 0.04296875 0.0484375
0 0.51953125 0.190625 0.04140625 0.0453125
0 0.596875 0.09453125 0.046875 0.04140625