0 0.02265625 0.3375 0.03828125 0.0515625
0 0.06640625 0.321875 0.04296875 0.05703125
0 0.01484375 0.553125 0.0234375 0.0296875
0 0.0578125 0.50859375 0.03203125 0.0296875
0 0.075 0.4703125 0.05 0.046875
0 0.09453125 0.42734375 0.0546875 0.03828125
0 0.1125 0.396875 0.028125 0.0296875
0 0.1296875 0.36328125 0.0296875 0.0265625
0 0.1421875 0.32578125 0.03203125 0.028125
0 0.23359375 0.28046875 0.0296875 0.028125
0 0.22109375 0.31953125 0.0515625 0.04140625
0 0.203125 0.353125 0.0296875 0.0234375
0 0.18984375 0.38984375 0.06328125 0.04296875
0 0.17109375 0.42734375 0.03203125 0.028125
0 0.1359375 0.50234375 0.025 0.028125
0 0.18046875 0.55390625 0.0484375 0.0484375
0 0.5328125 0.58828125 0.03515625 0.0265625
0 0.740625 0.5 0.0453125 0.046875
0 0.70703125 0.8328125 0.0296875 0.025
0 0.9640625 0.42109375 0.03515625 0.025
0 0.275 0.47109375 0.053125 0.0453125
0 0.27734375 0.4203125 0.0515625 0.03984375
0 0.2953125 0.3890625 0.0296875 0.021875
0 0.3375 0.3046875 0.028125 0.0234375
0 0.3484375 0.45859375 0.0296875 0.0234375
0 0.3921875 0.38359375 0.0484375 0.046875
0 0.46484375 0.3546875 0.04296875 0.04296875
0 0.50234375 0.37578125 0.0453125 0.0484375
0 0.5421875 0.38203125 0.028125 0.0296875
0 0.49921875 0.271875 0.03203125 0.03671875
0 0.5875 0.30859375 0.0484375 0.03671875
0 0.6125 0.3421875 0.05859375 0.0546875
0 0.671875 0.30703125 0.04296875 0.04296875
0 0.7734375 0.3640625 0.04296875 0.0484375
0 0.8203125 0.353125 0.03671875 0.05
0 0.8859375 0.325 0.0453125 0.046875
0 0.9328125 0.3046875 0.04140625 0.053125
0 0.56796875 0.19609375 0.03671875 0.04140625
0 0.61796875 0.21796875 0.03671875 0.03984375
0 0.66171875 0.234375 0.03671875 0.04140625
0 0.709375 0.259375 0.04140625 0.0546875
0 0.75546875 0.24453125 0.04140625 0.0515625
0 0.81015625 0.2265625 0.04296875 0.05
0 0.9265625 0.17578125 0.03671875 0.03828125
0 0.975 0.1609375 0.04296875 0.0453125