0 0.38046875 0.15703125 0.03203125 0.0296875
0 0.371875 0.084375 0.03359375 0.03828125
0 0.40703125 0.10390625 0.03359375 0.0453125
0 0.47890625 0.13984375 0.03828125 0.04296875
0 0.2296875 0.3078125 0.0265625 0.03203125
0 0.175 0.553125 0.03671875 0.046875
0 0.50859375 0.25 0.04296875 0.04296875
0 0.490625 0.28828125 0.04140625 0.03984375
0 0.47265625 0.3265625 0.03203125 0.0296875
0 0.36953125 0.44921875 0.0453125 0.04140625
0 0.35859375 0.49609375 0.03671875 0.03828125
0 0.3078125 0.509375 0.028125 0.03515625
0 0.1109375 0.6421875 0.0484375 0.04140625
0 0.16640625 0.6484375 0.03671875 0.05
0 0.20234375 0.6375 0.03828125 0.0453125
0 0.2765625 0.6125 0.03671875 0.03828125
0 0.3546875 0.58984375 0.03984375 0.04296875
0 0.2078125 0.72734375 0.025 0.03203125
0 0.24609375 0.72890625 0.028125 0.028125
0 0.2828125 0.71171875 0.03203125 0.03671875
0 0.3453125 0.7484375 0.03359375 0.0234375
0 0.3546875 0.77890625 0.0296875 0.025
0 0.37890625 0.821875 0.021875 0.0265625
0 0.38984375 0.74296875 0.0265625 0.0296875
0 0.465625 0.8203125 0.0453125 0.03359375
0 0.453125 0.7796875 0.03984375 0.03671875
0 0.4390625 0.7421875 0.04140625 0.03828125
0 0.4125 0.66171875 0.0515625 0.03984375
0 0.40078125 0.621875 0.0453125 0.03671875
0 0.4703125 0.98671875 0.03359375 0.0265625
0 0.55390625 0.35234375 0.025 0.025
0 0.528125 0.40390625 0.03984375 0.03828125
0 0.51015625 0.43984375 0.03984375 0.03359375
0 0.475 0.50859375 0.0296875 0.0234375
0 0.48046875 0.5734375 0.0453125 0.03671875
0 0.48984375 0.61015625 0.0234375 0.0234375
0 0.503125 0.646875 0.0265625 0.0296875
0 0.51953125 0.69453125 0.0453125 0.03828125
0 0.5296875 0.734375 0.03984375 0.04140625
0 0.6375 0.3171875 0.0453125 0.0453125
0 0.72421875 0.2734375 0.04140625 0.046875
0 0.796875 0.30859375 0.046875 0.046875
0 0.7375 0.40703125 0.03828125 0.03984375
0 0.7140625 0.45390625 0.04140625 0.0453125
0 0.64140625 0.52734375 0.03984375 0.0515625
0 0.89921875 0.9421875 0.025 0.028125
0 0.88359375 0.959375 0.0265625 0.028125
0 0.12265625 0.80703125 0.021875 0.0234375
0 0.14296875 0.8140625 0.0203125 0.028125
0 0.24140625 0.40703125 0.0296875 0.0234375
0 0.58046875 0.53828125 0.025 0.0234375
0 0.31796875 0.2546875 0.0203125 0.0296875
0 0.3375 0.26640625 0.01796875 0.0265625
0 0.3609375 0.278125 0.021875 0.0296875
0 0.3828125 0.2953125 0.021875 0.0265625
0 0.3921875 0.2671875 0.021875 0.025
0 0.4046875 0.24765625 0.0265625 0.028125
0 0.4171875 0.21953125 0.028125 0.025
0 0.3890625 0.20703125 0.025 0.0234375
0 0.3703125 0.196875 0.0234375 0.0265625
0 0.16484375 0.82421875 0.0234375 0.03828125
0 0.5265625 0.9921875 0.0234375 0.01484375