0 0.91015625 0.2140625 0.0234375 0.03203125
0 0.88203125 0.221875 0.0265625 0.03671875
0 0.8546875 0.22109375 0.0203125 0.03515625
0 0.81796875 0.24609375 0.0265625 0.025
0 0.796875 0.26953125 0.0296875 0.03203125
0 0.67890625 0.3859375 0.028125 0.028125
0 0.7421875 0.33046875 0.025 0.028125
0 0.84453125 0.30859375 0.025 0.0234375
0 0.75859375 0.4109375 0.0265625 0.025
0 0.7734375 0.3953125 0.0296875 0.0234375
0 0.8078125 0.3546875 0.03203125 0.0234375
0 0.82890625 0.33046875 0.025 0.028125
0 0.82734375 0.4875 0.025 0.025
0 0.915625 0.3390625 0.028125 0.021875
0 0.9078125 0.4015625 0.025 0.0234375
0 0.9359375 0.4828125 0.01796875 0.021875
0 0.8171875 0.53515625 0.025 0.0203125
0 0.85 0.4734375 0.0234375 0.0265625
0 0.86796875 0.44765625 0.0265625 0.028125
0 0.2046875 0.81328125 0.0203125 0.0234375
0 0.24921875 0.909375 0.01484375 0.01796875
0 0.23046875 0.90859375 0.01484375 0.0234375
0 0.21328125 0.90078125 0.01328125 0.01484375
0 0.21328125 0.9125 0.01640625 0.01171875
0 0.28984375 0.9640625 0.01328125 0.01484375
0 0.3046875 0.965625 0.01015625 0.01796875
0 0.3140625 0.9578125 0.01171875 0.01484375
0 0.32421875 0.96328125 0.01171875 0.01328125