0 0.12265625 0.4015625 0.0515625 0.06015625
0 0.24765625 0.65390625 0.03515625 0.0453125
0 0.23984375 0.21640625 0.03359375 0.0296875
0 0.32890625 0.2359375 0.03515625 0.03515625
0 0.365625 0.25234375 0.03828125 0.03828125
0 0.4828125 0.26328125 0.04140625 0.03984375
0 0.628125 0.27421875 0.04296875 0.03828125
0 0.6515625 0.17890625 0.053125 0.0453125
0 0.83515625 0.34921875 0.0296875 0.04140625
0 0.7828125 0.4390625 0.03203125 0.03203125
0 0.940625 0.4578125 0.03203125 0.028125
0 0.709375 0.69765625 0.03828125 0.03203125
0 0.75234375 0.80078125 0.028125 0.03515625
0 0.79296875 0.7375 0.04296875 0.03828125
0 0.66640625 0.88203125 0.03671875 0.03359375
0 0.73828125 0.84453125 0.04296875 0.04140625
0 0.85078125 0.88203125 0.03515625 0.0296875
0 0.85546875 0.92265625 0.03203125 0.028125