0 0.84140625 0.4546875 0.06015625 0.06328125
0 0.77421875 0.4515625 0.05859375 0.06015625
0 0.6796875 0.39140625 0.06328125 0.06015625
0 0.6015625 0.40234375 0.03984375 0.0484375
0 0.6140625 0.50546875 0.04140625 0.03828125
0 0.5578125 0.33203125 0.0546875 0.046875
0 0.53515625 0.3734375 0.03671875 0.03359375
0 0.49296875 0.47421875 0.03671875 0.03203125
0 0.0671875 0.5109375 0.0515625 0.0515625
0 0.2828125 0.41328125 0.0546875 0.05703125
0 0.3734375 0.39921875 0.06015625 0.06484375
0 0.42890625 0.36015625 0.03828125 0.04296875
0 0.28359375 0.5046875 0.046875 0.05
0 0.23828125 0.5578125 0.04296875 0.0484375
0 0.19140625 0.60390625 0.053125 0.05859375
0 0.14296875 0.659375 0.06015625 0.071875
0 0.090625 0.71953125 0.0546875 0.0546875
0 0.15 0.82421875 0.053125 0.0515625
0 0.2046875 0.79609375 0.04296875 0.0546875
0 0.25703125 0.765625 0.04296875 0.05859375