0 0.48671875 0.2546875 0.06328125 0.05703125
0 0.70859375 0.465625 0.03359375 0.04140625
0 0.8109375 0.51953125 0.03203125 0.028125
0 0.85703125 0.54921875 0.03359375 0.0453125
0 0.434375 0.634375 0.03203125 0.028125
0 0.87109375 0.6390625 0.03515625 0.03828125
0 0.36171875 0.6859375 0.0296875 0.025
0 0.0359375 0.6921875 0.0546875 0.05859375
0 0.50234375 0.78984375 0.0453125 0.05
0 0.1015625 0.86640625 0.0265625 0.0296875
0 0.39921875 0.9546875 0.025 0.0296875
0 0.221875 0.95859375 0.0265625 0.0296875
0 0.31484375 0.9609375 0.0265625 0.03203125
0 0.27109375 0.9703125 0.021875 0.0265625