0 0.34296875 0.41171875 0.046875 0.04296875
0 0.3703125 0.3484375 0.04296875 0.03359375
0 0.3828125 0.32265625 0.03828125 0.03203125
0 0.33046875 0.25546875 0.03203125 0.04140625
0 0.42421875 0.125 0.028125 0.04296875
0 0.396875 0.10859375 0.0296875 0.03671875
0 0.290625 0.0640625 0.028125 0.03828125
0 0.1703125 0.13828125 0.0203125 0.03671875
0 0.1296875 0.11796875 0.03984375 0.03671875
0 0.03515625 0.0546875 0.03671875 0.03359375
0 0.209375 0.77109375 0.03515625 0.04140625
0 0.046875 0.83671875 0.03984375 0.03984375