0 0.0921875 0.42109375 0.071875 0.08203125
0 0.034375 0.45390625 0.06171875 0.06484375
0 0.2484375 0.48203125 0.04296875 0.04296875
0 0.28359375 0.4578125 0.04296875 0.0515625
0 0.1328125 0.73515625 0.075 0.06640625
0 0.275 0.5859375 0.0765625 0.071875
0 0.378125 0.5203125 0.0734375 0.08359375
0 0.40078125 0.32890625 0.0453125 0.03828125
0 0.5015625 0.2765625 0.05703125 0.05
0 0.50546875 0.39609375 0.0484375 0.03828125
0 0.528125 0.37109375 0.04296875 0.04140625
0 0.53828125 0.4359375 0.06015625 0.0546875
0 0.6734375 0.3796875 0.053125 0.03984375
0 0.81328125 0.22890625 0.08359375 0.0984375
0 0.69453125 0.6625 0.075 0.06796875
0 0.825 0.50234375 0.03359375 0.03515625
0 0.8515625 0.53984375 0.0296875 0.03359375
0 0.88828125 0.45859375 0.03671875 0.03671875
0 0.93203125 0.446875 0.03359375 0.0296875
0 0.93515625 0.51796875 0.03984375 0.03671875
0 0.23671875 0.44140625 0.053125 0.04296875
0 0.59609375 0.203125 0.06484375 0.046875