0 0.9625 0.94921875 0.03515625 0.03828125
0 0.6203125 0.74765625 0.03984375 0.03828125
0 0.55234375 0.68359375 0.0484375 0.04296875
0 0.58671875 0.63515625 0.046875 0.05
0 0.63203125 0.6515625 0.03984375 0.03984375
0 0.06796875 0.61171875 0.03671875 0.04296875
0 0.0578125 0.590625 0.03203125 0.04140625
0 0.06953125 0.5515625 0.04140625 0.03359375
0 0.07890625 0.51953125 0.04140625 0.03203125
0 0.16796875 0.521875 0.046875 0.04296875
0 0.3390625 0.46015625 0.03828125 0.04296875
0 0.190625 0.4171875 0.03515625 0.03203125
0 0.21484375 0.3625 0.053125 0.0515625
0 0.25 0.31015625 0.0703125 0.0703125
0 0.28515625 0.23359375 0.0796875 0.08671875
0 0.39140625 0.2890625 0.03671875 0.03828125
0 0.3796875 0.334375 0.03984375 0.04140625
0 0.365625 0.37578125 0.03515625 0.04140625
0 0.4875 0.4125 0.04140625 0.03515625
0 0.50078125 0.36796875 0.04140625 0.03671875
0 0.5125 0.3015625 0.03203125 0.03359375
0 0.49140625 0.26484375 0.03984375 0.0296875
0 0.2828125 0.15078125 0.0453125 0.0453125
0 0.02421875 0.08515625 0.03515625 0.04296875