0 0.72890625 0.2328125 0.04140625 0.03828125
0 0.6328125 0.23984375 0.03203125 0.0296875
0 0.84453125 0.25546875 0.0453125 0.03828125
0 0.57265625 0.26484375 0.0484375 0.04296875
0 0.8703125 0.28984375 0.0234375 0.0234375
0 0.4609375 0.30390625 0.03203125 0.025
0 0.55234375 0.37421875 0.025 0.021875
0 0.2828125 0.3765625 0.025 0.01640625
0 0.4703125 0.40078125 0.0296875 0.021875
0 0.4828125 0.440625 0.025 0.021875
0 0.071875 0.45 0.0296875 0.0234375
0 0.03515625 0.45546875 0.0203125 0.01796875
0 0.25 0.4625 0.03671875 0.03828125
0 0.1046875 0.471875 0.0296875 0.0203125
0 0.3640625 0.50390625 0.03515625 0.03828125
0 0.27890625 0.5109375 0.01796875 0.021875
0 0.0546875 0.5109375 0.0234375 0.025
0 0.44765625 0.5125 0.028125 0.021875
0 0.4 0.53671875 0.0203125 0.0234375
0 0.1796875 0.54140625 0.04296875 0.03671875
0 0.09296875 0.58515625 0.0265625 0.0203125
0 0.14765625 0.63203125 0.021875 0.0203125
0 0.92734375 0.06484375 0.021875 0.0203125
0 0.1484375 0.6734375 0.01640625 0.0203125
0 0.12734375 0.68359375 0.01796875 0.01640625
0 0.88984375 0.0828125 0.0265625 0.021875
0 0.83046875 0.13828125 0.021875 0.0203125
0 0.7859375 0.14453125 0.021875 0.025