0 0.715625 0.509375 0.03828125 0.0515625
0 0.7875 0.50859375 0.03515625 0.03671875
0 0.85703125 0.50546875 0.03984375 0.0484375
0 0.9265625 0.50390625 0.03359375 0.04140625
0 0.990625 0.4984375 0.01796875 0.05
0 0.88671875 0.64609375 0.0296875 0.03515625
0 0.93828125 0.646875 0.0265625 0.0265625
0 0.98984375 0.6578125 0.0203125 0.03828125
0 0.51015625 0.68515625 0.0234375 0.03359375
0 0.478125 0.68203125 0.0203125 0.0234375
0 0.45 0.68203125 0.0203125 0.0234375
0 0.38515625 0.6875 0.0203125 0.028125
0 0.3578125 0.68515625 0.01796875 0.0234375
0 0.32890625 0.690625 0.028125 0.028125
0 0.00703125 0.40859375 0.01328125 0.03359375
0 0.13203125 0.56796875 0.03671875 0.0296875
0 0.1359375 0.51015625 0.028125 0.0265625
0 0.30390625 0.31796875 0.028125 0.0265625
0 0.33515625 0.3796875 0.0296875 0.0234375
0 0.33828125 0.434375 0.03671875 0.03203125
0 0.33046875 0.48359375 0.025 0.01640625
0 0.3421875 0.5375 0.028125 0.025
0 0.3875 0.5546875 0.025 0.0265625
0 0.4296875 0.55390625 0.0296875 0.03203125
0 0.47421875 0.5375 0.025 0.021875
0 0.48203125 0.47421875 0.03359375 0.03203125