0 0.2703125 0.22890625 0.0734375 0.09140625
0 0.38203125 0.22109375 0.06640625 0.08203125
0 0.1296875 0.6609375 0.09296875 0.078125
0 0.13203125 0.7421875 0.08359375 0.071875
0 0.40390625 0.54765625 0.1015625 0.071875
0 0.40703125 0.665625 0.09296875 0.06796875
0 0.74140625 0.72265625 0.1203125 0.13203125
0 0.61171875 0.19140625 0.0734375 0.08359375
0 0.7140625 0.18828125 0.075 0.08984375
0 0.79921875 0.18515625 0.071875 0.08671875
0 0.02109375 0.22421875 0.03515625 0.04140625
0 0.025 0.2734375 0.03359375 0.03984375