0 0.94453125 0.76328125 0.1046875 0.10703125
0 0.24921875 0.79921875 0.05859375 0.05859375
0 0.1390625 0.77734375 0.1015625 0.10859375
0 0.209375 0.3375 0.06484375 0.08515625
0 0.34921875 0.3359375 0.06484375 0.09140625
0 0.86171875 0.3890625 0.04296875 0.0484375
0 0.8703125 0.33046875 0.053125 0.0515625
0 0.871875 0.2109375 0.05 0.0484375
0 0.86171875 0.14921875 0.04296875 0.0484375
0 0.59296875 0.13671875 0.0703125 0.08671875
0 0.39921875 0.134375 0.0546875 0.06171875
0 0.09609375 0.103125 0.0515625 0.06640625