0 0.16640625 0.64609375 0.05 0.06484375
0 0.29296875 0.65703125 0.053125 0.053125
0 0.359375 0.66015625 0.0546875 0.06015625
0 0.41171875 0.65234375 0.05703125 0.06171875
0 0.51796875 0.64765625 0.05703125 0.06171875
0 0.58046875 0.64296875 0.0546875 0.06328125
0 0.63671875 0.6390625 0.05 0.06796875
0 0.815625 0.4203125 0.06484375 0.046875
0 0.81953125 0.47421875 0.06484375 0.0515625
0 0.825 0.5921875 0.046875 0.0484375
0 0.8265625 0.65 0.05703125 0.046875
0 0.9453125 0.68671875 0.046875 0.053125
0 0.6890625 0.63828125 0.0484375 0.05703125
0 0.171875 0.87578125 0.053125 0.03828125
0 0.67578125 0.77734375 0.03515625 0.0453125
0 0.84296875 0.81953125 0.06640625 0.0484375
0 0.8296875 0.70859375 0.05 0.03359375