0 0.0359375 0.178125 0.06171875 0.06640625
0 0.2109375 0.21015625 0.078125 0.06328125
0 0.21953125 0.27265625 0.071875 0.06171875
0 0.22421875 0.33359375 0.071875 0.06015625
0 0.221875 0.4421875 0.06015625 0.05859375
0 0.6546875 0.3890625 0.05 0.0515625
0 0.340625 0.2109375 0.06171875 0.06171875
0 0.4453125 0.278125 0.05 0.046875
0 0.34921875 0.3421875 0.03515625 0.028125
0 0.44921875 0.33046875 0.0515625 0.0453125
0 0.503125 0.36796875 0.053125 0.05703125
0 0.3625 0.43359375 0.04140625 0.046875
0 0.4203125 0.42109375 0.046875 0.0546875
0 0.54140625 0.2734375 0.046875 0.03671875
0 0.91796875 0.16328125 0.0296875 0.0265625
0 0.8171875 0.14453125 0.0453125 0.028125
0 0.7265625 0.1609375 0.03671875 0.03515625
0 0.44140625 0.47421875 0.04296875 0.03203125
0 0.93671875 0.3109375 0.046875 0.04140625
0 0.46171875 0.37421875 0.0296875 0.03203125
0 0.62890625 0.215625 0.03828125 0.03515625
0 0.64453125 0.265625 0.0453125 0.03828125
0 0.5421875 0.31015625 0.03515625 0.0234375
0 0.47109375 0.4203125 0.03828125 0.04296875
0 0.5296875 0.1828125 0.0265625 0.021875
0 0.62890625 0.17265625 0.028125 0.021875
0 0.73203125 0.94765625 0.0203125 0.021875
0 0.653125 0.95703125 0.0203125 0.01640625