0 0.7796875 0.52421875 0.01640625 0.025
0 0.7625 0.5171875 0.01796875 0.025
0 0.64765625 0.51484375 0.025 0.0234375
0 0.65234375 0.53828125 0.028125 0.0203125
0 0.690625 0.5640625 0.021875 0.03203125
0 0.7171875 0.584375 0.021875 0.025
0 0.77578125 0.61796875 0.025 0.0265625
0 0.80234375 0.63203125 0.021875 0.0234375
0 0.83828125 0.6609375 0.03984375 0.0484375
0 0.7484375 0.6875 0.0234375 0.028125
0 0.72734375 0.6625 0.021875 0.025
0 0.70546875 0.646875 0.021875 0.0234375
0 0.7109375 0.759375 0.021875 0.025
0 0.6671875 0.76640625 0.025 0.0203125
0 0.625 0.803125 0.0234375 0.0265625
0 0.6484375 0.7390625 0.0234375 0.021875
0 0.57890625 0.7296875 0.028125 0.0203125
0 0.5796875 0.70390625 0.0265625 0.021875
0 0.5890625 0.68203125 0.028125 0.0234375
0 0.59453125 0.65859375 0.028125 0.0203125
0 0.59765625 0.63515625 0.021875 0.0203125
0 0.59921875 0.615625 0.021875 0.01796875
0 0.6046875 0.5953125 0.0234375 0.01640625
0 0.60546875 0.57265625 0.021875 0.01796875
0 0.5796875 0.53984375 0.0203125 0.0203125
0 0.55546875 0.55234375 0.01796875 0.021875
0 0.59765625 0.553125 0.01484375 0.01640625
0 0.53203125 0.5640625 0.01328125 0.021875
0 0.51953125 0.578125 0.01484375 0.01640625
0 0.51953125 0.61171875 0.021875 0.01640625
0 0.5140625 0.64296875 0.021875 0.01640625
0 0.51015625 0.6625 0.01328125 0.01796875
0 0.4953125 0.6828125 0.01328125 0.01171875
0 0.5046875 0.7 0.01640625 0.01640625
0 0.5 0.71953125 0.01328125 0.01796875
0 0.4953125 0.73984375 0.01328125 0.01640625
0 0.46796875 0.7375 0.01640625 0.01484375
0 0.44140625 0.7328125 0.01640625 0.01796875
0 0.4296875 0.69453125 0.01640625 0.01796875
0 0.4390625 0.68203125 0.01484375 0.01328125
0 0.43671875 0.665625 0.0203125 0.01796875
0 0.44921875 0.64921875 0.021875 0.01484375
0 0.45234375 0.63203125 0.021875 0.0203125
0 0.45234375 0.59765625 0.025 0.01796875
0 0.4421875 0.5546875 0.01484375 0.01328125
0 0.42578125 0.54453125 0.01484375 0.01484375
0 0.3828125 0.5703125 0.01484375 0.01640625
0 0.3765625 0.590625 0.0203125 0.01796875
0 0.37578125 0.60546875 0.01796875 0.01484375
0 0.36171875 0.65703125 0.01640625 0.01328125
0 0.35859375 0.690625 0.01640625 0.01171875
0 0.3515625 0.775 0.01640625 0.0234375
0 0.64921875 0.9203125 0.01796875 0.01328125
0 0.709375 0.9765625 0.021875 0.0265625
0 0.0703125 0.65078125 0.0234375 0.028125
0 0.225 0.575 0.0203125 0.0203125
0 0.215625 0.5140625 0.01484375 0.025
0 0.36640625 0.46015625 0.0203125 0.01640625
0 0.31953125 0.42734375 0.025 0.021875
0 0.29296875 0.36015625 0.0296875 0.0234375
0 0.30078125 0.3359375 0.028125 0.021875
0 0.31484375 0.31015625 0.0265625 0.0234375
0 0.32578125 0.1828125 0.01796875 0.01796875
0 0.36171875 0.17421875 0.0265625 0.021875
0 0.21953125 0.36328125 0.01484375 0.0234375
0 0.18046875 0.3640625 0.021875 0.021875
0 0.1140625 0.41171875 0.01796875 0.01328125
0 0.109375 0.39453125 0.021875 0.01796875
0 0.1953125 0.33359375 0.0234375 0.0234375
0 0.20234375 0.2984375 0.025 0.0234375
0 0.12578125 0.275 0.04140625 0.03984375
0 0.1390625 0.234375 0.0453125 0.04140625
0 0.18203125 0.18359375 0.01640625 0.0203125
0 0.19140625 0.15703125 0.0234375 0.0234375
0 0.1953125 0.13203125 0.0234375 0.0234375
0 0.240625 0.19921875 0.025 0.025
0 0.25078125 0.16953125 0.025 0.021875
0 0.26171875 0.14609375 0.0234375 0.021875
0 0.27109375 0.12109375 0.025 0.021875
0 0.27109375 0.096875 0.021875 0.0265625
0 0.228125 0.0921875 0.0203125 0.021875
0 0.1734375 0.021875 0.0203125 0.01640625
0 0.32265625 0.0453125 0.021875 0.01640625
0 0.40234375 0.07890625 0.0453125 0.0484375
0 0.4296875 0.0875 0.01640625 0.01796875
0 0.45859375 0.078125 0.0234375 0.0265625
0 0.48203125 0.0828125 0.0203125 0.021875
0 0.50546875 0.08515625 0.021875 0.0234375
0 0.5296875 0.08828125 0.0234375 0.0234375
0 0.55234375 0.08828125 0.01796875 0.0234375
0 0.5734375 0.08671875 0.0203125 0.0234375
0 0.23828125 0.51015625 0.0203125 0.0265625