0 0.09765625 0.6171875 0.03203125 0.04140625
0 0.4640625 0.675 0.028125 0.0296875
0 0.72734375 0.70390625 0.025 0.028125
0 0.8375 0.69140625 0.021875 0.03359375
0 0.9234375 0.58515625 0.0265625 0.0296875
0 0.88359375 0.578125 0.0234375 0.0296875
0 0.83984375 0.56953125 0.0203125 0.025
0 0.78671875 0.56015625 0.0234375 0.0296875
0 0.7125 0.55234375 0.03203125 0.03203125
0 0.609375 0.54921875 0.03828125 0.03828125
0 0.459375 0.5265625 0.03828125 0.03359375
0 0.371875 0.51171875 0.03671875 0.046875