0 0.06328125 0.36328125 0.05703125 0.06015625
0 0.09921875 0.61015625 0.03828125 0.04296875
0 0.0890625 0.54453125 0.03203125 0.0484375
0 0.0453125 0.5328125 0.04296875 0.04140625
0 0.19765625 0.5515625 0.05859375 0.06328125
0 0.35078125 0.56953125 0.0546875 0.075
0 0.396875 0.57421875 0.03359375 0.04140625
0 0.246875 0.771875 0.05 0.06328125
0 0.29453125 0.778125 0.03203125 0.03984375
0 0.4921875 0.79765625 0.0515625 0.071875
0 0.78828125 0.9 0.04296875 0.03671875
0 0.60078125 0.59140625 0.0484375 0.0703125
0 0.653125 0.5921875 0.0296875 0.04140625
0 0.94140625 0.63203125 0.06015625 0.0796875
0 0.85859375 0.4390625 0.05703125 0.05859375
0 0.6546875 0.41796875 0.03671875 0.03984375
0 0.59921875 0.4125 0.06171875 0.06796875
0 0.528125 0.40546875 0.06015625 0.06171875
0 0.46796875 0.4109375 0.04296875 0.03515625
0 0.40078125 0.40390625 0.03515625 0.04140625
0 0.365625 0.38671875 0.03828125 0.04296875