0 0.240625 0.109375 0.03515625 0.03515625
0 0.32265625 0.11640625 0.028125 0.0265625
0 0.41953125 0.3171875 0.0515625 0.03515625
0 0.4625 0.29453125 0.0484375 0.0453125
0 0.5296875 0.32890625 0.04296875 0.04140625
0 0.48359375 0.4421875 0.05 0.03828125
0 0.509375 0.5171875 0.0453125 0.04140625
0 0.52578125 0.55703125 0.0515625 0.03984375
0 0.6 0.46640625 0.04296875 0.03671875
0 0.628125 0.3703125 0.0265625 0.0234375
0 0.7015625 0.459375 0.0234375 0.01796875
0 0.6984375 0.4828125 0.0234375 0.01796875
0 0.7234375 0.56484375 0.0234375 0.0234375
0 0.7109375 0.52734375 0.028125 0.025
0 0.703125 0.503125 0.0234375 0.0234375
0 0.58984375 0.74921875 0.0203125 0.01796875
0 0.68359375 0.75078125 0.01640625 0.01796875
0 0.9328125 0.69609375 0.01484375 0.01796875
0 0.86015625 0.69140625 0.01640625 0.01328125
0 0.8703125 0.68515625 0.01328125 0.01328125
0 0.8671875 0.6734375 0.01484375 0.01328125