0 0.11015625 0.328125 0.04296875 0.03671875
0 0.1125 0.371875 0.03828125 0.0296875
0 0.1765625 0.375 0.03671875 0.03984375
0 0.21640625 0.1265625 0.03359375 0.0234375
0 0.759375 0.253125 0.03203125 0.0265625
0 0.35859375 0.29765625 0.0234375 0.021875
0 0.3828125 0.29921875 0.021875 0.021875
0 0.221875 0.3015625 0.03359375 0.03671875
0 0.2390625 0.32734375 0.03203125 0.03203125
0 0.259375 0.353125 0.028125 0.03359375
0 0.21015625 0.4015625 0.03359375 0.03359375
0 0.11328125 0.5078125 0.0296875 0.03203125
0 0.13203125 0.54140625 0.03671875 0.03671875
0 0.17734375 0.4921875 0.03203125 0.03515625
0 0.196875 0.52890625 0.03359375 0.028125
0 0.153125 0.57109375 0.03671875 0.03828125
0 0.175 0.60390625 0.03359375 0.028125
0 0.196875 0.63515625 0.04296875 0.03671875
0 0.21953125 0.56015625 0.03515625 0.03671875
0 0.275 0.63671875 0.03671875 0.03359375
0 0.3421875 0.6078125 0.021875 0.021875
0 0.4265625 0.64609375 0.03671875 0.04140625
0 0.4734375 0.646875 0.04296875 0.04296875
0 0.896875 0.971875 0.03359375 0.0296875
0 0.821875 0.98828125 0.0296875 0.0234375
0 0.88203125 0.990625 0.0296875 0.01796875
0 0.25 0.46171875 0.03359375 0.0296875
0 0.271875 0.48984375 0.0296875 0.0296875
0 0.29609375 0.515625 0.025 0.01796875
0 0.27890625 0.3859375 0.03203125 0.03203125
0 0.45859375 0.28671875 0.0234375 0.0203125
0 0.50078125 0.28984375 0.01796875 0.0234375
0 0.61953125 0.2890625 0.021875 0.025
0 0.64453125 0.28984375 0.025 0.0234375
0 0.72421875 0.3 0.021875 0.0203125
0 0.671875 0.33828125 0.01328125 0.01640625
0 0.71953125 0.34609375 0.025 0.025
0 0.765625 0.3546875 0.028125 0.0296875
0 0.7453125 0.36953125 0.0234375 0.025
0 0.83203125 0.4703125 0.0234375 0.0234375
0 0.7890625 0.409375 0.025 0.01796875
0 0.85546875 0.446875 0.025 0.0296875
0 0.8796875 0.3984375 0.03359375 0.0234375
0 0.8765625 0.3578125 0.03984375 0.03203125
0 0.875 0.315625 0.046875 0.03203125
0 0.9578125 0.315625 0.0453125 0.03203125