0 0.040625 0.225 0.01796875 0.0203125
0 0.0671875 0.2265625 0.01484375 0.0203125
0 0.10390625 0.2359375 0.021875 0.025
0 0.1484375 0.25078125 0.0234375 0.028125
0 0.06796875 0.25234375 0.01640625 0.01796875
0 0.20546875 0.2609375 0.01796875 0.025
0 0.1796875 0.2625 0.0234375 0.028125
0 0.065625 0.26796875 0.021875 0.0203125
0 0.20078125 0.28046875 0.01796875 0.028125
0 0.06640625 0.2890625 0.0234375 0.01796875
0 0.16015625 0.30078125 0.0203125 0.028125
0 0.2 0.30234375 0.0234375 0.021875
0 0.17734375 0.31328125 0.01796875 0.0234375
0 0.01640625 0.3171875 0.01640625 0.01796875
0 0.0671875 0.3203125 0.021875 0.01328125
0 0.19765625 0.3265625 0.021875 0.0234375
0 0.0140625 0.33359375 0.01796875 0.01640625
0 0.14765625 0.3453125 0.01796875 0.0265625
0 0.171875 0.34765625 0.0203125 0.028125
0 0.0171875 0.35234375 0.01796875 0.01796875
0 0.19609375 0.35703125 0.01796875 0.0234375
0 0.52890625 0.3609375 0.0484375 0.0546875
0 0.01953125 0.37109375 0.01796875 0.021875
0 0.15859375 0.3765625 0.0203125 0.0203125
0 0.73984375 0.51484375 0.0265625 0.03359375
0 0.1390625 0.86484375 0.01171875 0.01328125
0 0.15859375 0.8703125 0.01015625 0.01328125
0 0.19609375 0.8734375 0.01171875 0.01640625
0 0.17734375 0.875 0.01171875 0.01328125
0 0.2125 0.87578125 0.01484375 0.01484375
0 0.23203125 0.87890625 0.01015625 0.01796875
0 0.065625 0.90390625 0.01484375 0.021875
0 0.03984375 0.92578125 0.0203125 0.021875