0 0.60546875 0.659375 0.028125 0.025
0 0.57421875 0.54140625 0.028125 0.03671875
0 0.35859375 0.45703125 0.0296875 0.03984375
0 0.36640625 0.33203125 0.0265625 0.03359375
0 0.2109375 0.42421875 0.021875 0.028125
0 0.15234375 0.46328125 0.028125 0.03359375
0 0.12734375 0.48203125 0.028125 0.03359375
0 0.10234375 0.49765625 0.03203125 0.03203125
0 0.16484375 0.98671875 0.03359375 0.0265625
0 0.19609375 0.98828125 0.028125 0.0234375
0 0.159375 0.878125 0.028125 0.03359375
0 0.1765625 0.85 0.03359375 0.0296875
0 0.06640625 0.725 0.03671875 0.0296875
0 0.109375 0.6890625 0.01796875 0.025
0 0.13359375 0.6984375 0.0265625 0.03359375
0 0.24140625 0.76171875 0.0265625 0.0265625
0 0.26484375 0.73984375 0.03359375 0.0296875
0 0.290625 0.66015625 0.03515625 0.0296875
0 0.2953125 0.5609375 0.0265625 0.03515625
0 0.49765625 0.7 0.03203125 0.03984375
0 0.35546875 0.5765625 0.025 0.0265625
0 0.81328125 0.66328125 0.0234375 0.0265625
0 0.81484375 0.09921875 0.0296875 0.04140625
0 0.84453125 0.08203125 0.028125 0.03671875
0 0.90078125 0.03984375 0.028125 0.03671875
0 0.503125 0.0453125 0.0203125 0.0265625