0 0.5140625 0.18671875 0.03515625 0.03359375
0 0.61015625 0.2140625 0.0296875 0.03203125
0 0.540625 0.35546875 0.025 0.028125
0 0.52890625 0.38515625 0.025 0.0265625
0 0.38984375 0.390625 0.0234375 0.025
0 0.01953125 0.56015625 0.021875 0.0296875
0 0.42265625 0.5734375 0.0515625 0.053125
0 0.42421875 0.61953125 0.03828125 0.03515625
0 0.6578125 0.0671875 0.028125 0.03515625
0 0.05546875 0.70078125 0.025 0.03203125
0 0.34609375 0.83203125 0.01484375 0.0234375
0 0.178125 0.84609375 0.0296875 0.025
0 0.23203125 0.87890625 0.0203125 0.025
0 0.01328125 0.94296875 0.0265625 0.03671875
0 0.2765625 0.13984375 0.0296875 0.0296875
0 0.4796875 0.15234375 0.0296875 0.028125