0 0.63671875 0.01640625 0.0546875 0.0328125
0 0.1203125 0.23984375 0.0734375 0.04296875
0 0.353125 0.46015625 0.03359375 0.03671875
0 0.3921875 0.48046875 0.03828125 0.04140625
0 0.6015625 0.59609375 0.03671875 0.03828125
0 0.66796875 0.64453125 0.046875 0.0453125
0 0.7828125 0.815625 0.03203125 0.03828125
0 0.83515625 0.7828125 0.0296875 0.03203125
0 0.85390625 0.8125 0.025 0.03828125
0 0.8984375 0.84296875 0.0265625 0.0296875
0 0.75 0.390625 0.04296875 0.0546875
0 0.971875 0.38359375 0.03359375 0.046875
0 0.74140625 0.67890625 0.03359375 0.0453125
0 0.4375 0.3859375 0.03515625 0.0453125
0 0.55546875 0.4515625 0.03515625 0.03984375
0 0.63984375 0.49296875 0.0265625 0.046875
0 0.67890625 0.5140625 0.025 0.0484375