0 0.01015625 0.17734375 0.0203125 0.03203125
0 0.153125 0.17890625 0.0296875 0.028125
0 0.1546875 0.215625 0.03359375 0.03203125
0 0.1546875 0.26015625 0.03359375 0.0265625
0 0.14765625 0.290625 0.028125 0.025
0 0.153125 0.325 0.0296875 0.0265625
0 0.15546875 0.35859375 0.028125 0.0265625
0 0.1546875 0.39453125 0.0265625 0.028125
0 0.0171875 0.04453125 0.034375 0.0296875
0 0.16015625 0.45078125 0.03671875 0.025
0 0.16015625 0.48046875 0.03359375 0.028125
0 0.1546875 0.04921875 0.03359375 0.028125
0 0.15234375 0.5140625 0.03203125 0.025
0 0.15703125 0.5453125 0.0234375 0.0203125
0 0.159375 0.5765625 0.03203125 0.0234375
0 0.321875 0.58203125 0.03984375 0.03359375
0 0.1625 0.60703125 0.03203125 0.0234375
0 0.1546875 0.6484375 0.0296875 0.0265625
0 0.16015625 0.6796875 0.03671875 0.0296875
0 0.015625 0.6859375 0.03125 0.028125
0 0.15703125 0.71484375 0.0296875 0.0265625
0 0.16015625 0.7453125 0.0296875 0.0296875
0 0.01640625 0.7484375 0.0328125 0.034375
0 0.01953125 0.07578125 0.03515625 0.028125
0 0.028125 0.78359375 0.03359375 0.0296875
0 0.15546875 0.79296875 0.03203125 0.03671875
0 0.0234375 0.81484375 0.03359375 0.03359375
0 0.165625 0.8234375 0.028125 0.0296875
0 0.02734375 0.8484375 0.03515625 0.03359375
0 0.16640625 0.8875 0.0234375 0.025
0 0.15703125 0.090625 0.0265625 0.021875
0 0.02265625 0.11171875 0.03515625 0.03984375
0 0.15390625 0.13671875 0.028125 0.0234375