0 0.2890625 0.62265625 0.06796875 0.06484375
0 0.23203125 0.77265625 0.03671875 0.03828125
0 0.1671875 0.72109375 0.03515625 0.0484375
0 0.1140625 0.796875 0.03203125 0.03671875
0 0.471875 0.2296875 0.0234375 0.0296875
0 0.5046875 0.2484375 0.0265625 0.03671875
0 0.5390625 0.16171875 0.03203125 0.04296875
0 0.57890625 0.18515625 0.03828125 0.05703125
0 0.6109375 0.21171875 0.03515625 0.046875
0 0.65703125 0.10703125 0.0296875 0.03984375
0 0.73671875 0.23359375 0.04296875 0.05
0 0.0484375 0.8890625 0.0265625 0.028125
0 0.35078125 0.54921875 0.025 0.028125
0 0.37890625 0.56328125 0.025 0.03359375
0 0.390625 0.521875 0.03203125 0.03359375
0 0.4140625 0.53984375 0.021875 0.03359375
0 0.440625 0.4171875 0.028125 0.028125
0 0.46484375 0.415625 0.0234375 0.028125
0 0.5390625 0.46640625 0.01796875 0.0265625
0 0.4671875 0.434375 0.01796875 0.025
0 0.48671875 0.4328125 0.0203125 0.028125
0 0.51328125 0.45078125 0.0234375 0.028125
0 0.4078125 0.46796875 0.025 0.0296875
0 0.50859375 0.5359375 0.0203125 0.03203125
0 0.434375 0.4859375 0.021875 0.021875
0 0.4609375 0.50078125 0.025 0.025
0 0.48359375 0.51953125 0.0203125 0.028125
0 0.4265625 0.603125 0.0234375 0.03671875
0 0.47734375 0.3625 0.028125 0.03515625
0 0.49921875 0.36171875 0.021875 0.0296875
0 0.5234375 0.38203125 0.0265625 0.03671875
0 0.54921875 0.39453125 0.028125 0.03515625
0 0.55390625 0.41640625 0.025 0.0296875
0 0.5796875 0.43203125 0.0265625 0.0296875