0 0.30234375 0.67265625 0.03515625 0.03828125
0 0.49140625 0.66328125 0.04296875 0.04296875
0 0.43828125 0.771875 0.03671875 0.03359375
0 0.40078125 0.8140625 0.03828125 0.03515625
0 0.5140625 0.5421875 0.03515625 0.04140625
0 0.5546875 0.49453125 0.03671875 0.03828125
0 0.6328125 0.2328125 0.0484375 0.04140625
0 0.76796875 0.3265625 0.046875 0.03671875
0 0.6109375 0.30078125 0.03515625 0.03828125
0 0.75390625 0.3875 0.0484375 0.04140625
0 0.7375 0.44296875 0.04140625 0.03984375
0 0.71953125 0.5078125 0.03203125 0.03203125
0 0.35078125 0.64453125 0.03828125 0.04140625
0 0.240625 0.68203125 0.021875 0.0234375
0 0.19765625 0.709375 0.03203125 0.03203125
0 0.253125 0.8296875 0.03359375 0.0296875
0 0.27265625 0.85859375 0.03203125 0.0296875
0 0.690625 0.565625 0.03828125 0.03203125