0 0.15 0.4640625 0.046875 0.03515625
0 0.1625 0.509375 0.04140625 0.03515625
0 0.1765625 0.54765625 0.04296875 0.03515625
0 0.23984375 0.63046875 0.03671875 0.03203125
0 0.14296875 0.6546875 0.0265625 0.0265625
0 0.1015625 0.6765625 0.03984375 0.03984375
0 0.0625 0.68515625 0.03515625 0.03671875
0 0.01953125 0.7640625 0.021875 0.025
0 0.11640625 0.828125 0.03671875 0.03671875
0 0.128125 0.88046875 0.03984375 0.04140625
0 0.1515625 0.7578125 0.03984375 0.04140625
0 0.190625 0.74609375 0.03828125 0.04140625
0 0.23359375 0.79453125 0.04296875 0.03828125
0 0.3484375 0.703125 0.03359375 0.03671875
0 0.265625 0.61640625 0.021875 0.0234375
0 0.28046875 0.6265625 0.01796875 0.0234375
0 0.34296875 0.6 0.03671875 0.03359375
0 0.4171875 0.26484375 0.0453125 0.03671875
0 0.43046875 0.3015625 0.04140625 0.03359375
0 0.45546875 0.38984375 0.0484375 0.03671875
0 0.4859375 0.484375 0.0453125 0.03515625
0 0.5 0.5375 0.04296875 0.04140625
0 0.515625 0.61640625 0.03203125 0.0265625
0 0.96484375 0.7984375 0.046875 0.046875
0 0.803125 0.984375 0.0203125 0.021875
0 0.56015625 0.43203125 0.01640625 0.01328125
0 0.540625 0.42578125 0.021875 0.01796875
0 0.53515625 0.4078125 0.0203125 0.01796875
0 0.55 0.390625 0.0234375 0.01796875
0 0.52578125 0.3890625 0.021875 0.01796875
0 0.51953125 0.3671875 0.021875 0.01484375
0 0.5171875 0.3484375 0.025 0.0203125
0 0.5203125 0.31640625 0.046875 0.03671875
0 0.6109375 0.32890625 0.0453125 0.03515625
0 0.6265625 0.35546875 0.0203125 0.01796875
0 0.61328125 0.3671875 0.01640625 0.01796875
0 0.61796875 0.3875 0.0234375 0.01796875
0 0.63359375 0.3734375 0.0203125 0.0203125
0 0.6265625 0.41015625 0.0234375 0.0203125
0 0.64140625 0.3921875 0.0203125 0.01796875
0 0.94453125 0.12734375 0.04140625 0.04140625
0 0.90703125 0.2140625 0.0265625 0.021875
0 0.92890625 0.21640625 0.01796875 0.0203125
0 0.91171875 0.2375 0.0203125 0.01796875
0 0.921875 0.2578125 0.0265625 0.025
0 0.98203125 0.09375 0.0359375 0.040625
0 0.98828125 0.13046875 0.0234375 0.03203125