0 0.53359375 0.27890625 0.0203125 0.021875
0 0.5734375 0.2140625 0.0265625 0.03203125
0 0.66328125 0.15859375 0.0265625 0.0296875
0 0.69609375 0.240625 0.03203125 0.028125
0 0.81640625 0.2875 0.0234375 0.025
0 0.8546875 0.4078125 0.0234375 0.028125
0 0.36796875 0.5734375 0.0203125 0.0234375
0 0.434375 0.56640625 0.021875 0.0234375
0 0.48515625 0.58828125 0.0234375 0.0234375
0 0.5203125 0.5890625 0.0296875 0.021875
0 0.696875 0.60234375 0.0203125 0.01796875
0 0.61484375 0.59765625 0.0203125 0.025
0 0.56171875 0.6109375 0.0265625 0.028125
0 0.47109375 0.24765625 0.025 0.01796875
0 0.45234375 0.35546875 0.01796875 0.021875
0 0.43984375 0.4046875 0.0203125 0.0203125
0 0.43046875 0.45703125 0.021875 0.0234375
0 0.425 0.4828125 0.0265625 0.01796875
0 0.55390625 0.11953125 0.025 0.025
0 0.21015625 0.534375 0.0265625 0.03203125
0 0.2703125 0.4796875 0.0203125 0.0234375
0 0.2765625 0.46171875 0.0203125 0.0203125
0 0.2921875 0.4734375 0.021875 0.01640625
0 0.2234375 0.56796875 0.01015625 0.01328125
0 0.21015625 0.5640625 0.01328125 0.01484375
0 0.27578125 0.53515625 0.01484375 0.0203125
0 0.2921875 0.52421875 0.021875 0.021875
0 0.29765625 0.53828125 0.028125 0.01328125
0 0.29609375 0.565625 0.025 0.01484375
0 0.22578125 0.44609375 0.021875 0.01796875
0 0.4640625 0.134375 0.01796875 0.01796875
0 0.4421875 0.13046875 0.01484375 0.01796875
0 0.39296875 0.146875 0.0265625 0.0234375
0 0.246875 0.4140625 0.0203125 0.021875
0 0.21640625 0.4296875 0.0234375 0.0203125
0 0.2328125 0.41796875 0.01796875 0.01640625
0 0.2609375 0.4234375 0.01796875 0.0203125