0 0.378125 0.50390625 0.04296875 0.0546875
0 0.43984375 0.5234375 0.0703125 0.08671875
0 0.51328125 0.521875 0.04296875 0.06328125
0 0.6671875 0.53984375 0.03828125 0.053125
0 0.72890625 0.55 0.03828125 0.05703125
0 0.79140625 0.553125 0.04296875 0.06328125
0 0.8578125 0.559375 0.04140625 0.0453125
0 0.921875 0.56640625 0.046875 0.053125
0 0.80234375 0.7375 0.0484375 0.06171875
0 0.6515625 0.71484375 0.046875 0.05703125
0 0.6 0.7109375 0.046875 0.05859375
0 0.35546875 0.68203125 0.04140625 0.05703125
0 0.359375 0.60390625 0.0546875 0.0453125
0 0.14921875 0.66171875 0.0453125 0.05
0 0.2015625 0.66640625 0.03671875 0.046875
0 0.2546875 0.671875 0.046875 0.05
0 0.30390625 0.678125 0.03828125 0.053125