0 0.3859375 0.0875 0.03828125 0.03203125
0 0.034375 0.296875 0.03203125 0.0234375
0 0.028125 0.60546875 0.0265625 0.021875
0 0.27265625 0.978125 0.0484375 0.03671875
0 0.290625 0.9421875 0.0546875 0.03515625
0 0.30234375 0.82578125 0.0453125 0.04140625
0 0.3875 0.79765625 0.04140625 0.0453125
0 0.465625 0.80078125 0.03828125 0.03828125
0 0.4046875 0.71015625 0.0296875 0.03671875
0 0.33828125 0.60703125 0.046875 0.03671875
0 0.3640625 0.509375 0.03828125 0.03515625
0 0.534375 0.484375 0.03828125 0.03203125
0 0.5953125 0.54765625 0.06640625 0.071875
0 0.540625 0.44921875 0.0453125 0.03515625
0 0.54609375 0.4015625 0.06171875 0.053125
0 0.425 0.3890625 0.03671875 0.03828125
0 0.39609375 0.2796875 0.04140625 0.03359375
0 0.578125 0.1453125 0.05703125 0.053125
0 0.5125 0.11171875 0.04140625 0.0296875
0 0.4203125 0.09140625 0.0234375 0.0265625
0 0.46640625 0.1078125 0.03671875 0.03515625
0 0.621875 0.8078125 0.0234375 0.028125