0 0.0359375 0.9453125 0.03515625 0.03984375
0 0.1 0.946875 0.0234375 0.0296875
0 0.190625 0.98046875 0.03515625 0.03828125
0 0.2828125 0.92421875 0.021875 0.021875
0 0.32421875 0.9390625 0.01796875 0.021875
0 0.40234375 0.91171875 0.01796875 0.0203125
0 0.44453125 0.9125 0.01796875 0.021875
0 0.703125 0.89296875 0.0296875 0.03359375
0 0.75 0.890625 0.03359375 0.04140625
0 0.8 0.890625 0.0296875 0.03515625
0 0.86171875 0.8765625 0.0203125 0.0234375
0 0.8921875 0.87421875 0.021875 0.025
0 0.9359375 0.27265625 0.028125 0.028125
0 0.9421875 0.2171875 0.01796875 0.025
0 0.91796875 0.2203125 0.0234375 0.0265625
0 0.89140625 0.2203125 0.0203125 0.0234375
0 0.8828125 0.178125 0.021875 0.0203125
0 0.746875 0.28828125 0.03671875 0.04296875
0 0.696875 0.28984375 0.03359375 0.03671875
0 0.646875 0.29140625 0.0265625 0.0265625
0 0.75 0.184375 0.03984375 0.0484375
0 0.66484375 0.1921875 0.03671875 0.03828125
0 0.6203125 0.1953125 0.03359375 0.03984375
0 0.390625 0.24609375 0.01484375 0.01484375
0 0.42265625 0.2484375 0.01796875 0.0203125
0 0.41796875 0.19296875 0.0203125 0.0234375
0 0.490625 0.178125 0.01171875 0.01328125
0 0.38515625 0.1421875 0.0203125 0.025
0 0.328125 0.14296875 0.0203125 0.0203125
0 0.24296875 0.2828125 0.03671875 0.03828125
0 0.2046875 0.2828125 0.03359375 0.03515625
0 0.153125 0.21640625 0.0296875 0.03359375
0 0.1 0.19609375 0.03671875 0.03828125
0 0.05859375 0.2015625 0.03671875 0.03671875
0 0.025 0.19765625 0.0203125 0.028125
0 0.17890625 0.56171875 0.0453125 0.03984375