0 0.053125 0.30234375 0.0203125 0.021875
0 0.46015625 0.29296875 0.05703125 0.06015625
0 0.55859375 0.18046875 0.03984375 0.0453125
0 0.63515625 0.1671875 0.03671875 0.03828125
0 0.8234375 0.29609375 0.053125 0.06171875
0 0.7828125 0.29140625 0.03515625 0.03671875
0 0.40703125 0.29453125 0.046875 0.0546875
0 0.34765625 0.215625 0.04140625 0.0515625
0 0.41328125 0.2171875 0.03984375 0.0453125
0 0.928125 0.2546875 0.03359375 0.03671875
0 0.9296875 0.22265625 0.03671875 0.03515625
0 0.14765625 0.2546875 0.03515625 0.03984375
0 0.26015625 0.28984375 0.03671875 0.03671875
0 0.05390625 0.246875 0.021875 0.0234375
0 0.078125 0.24765625 0.0203125 0.021875
0 0.0984375 0.24765625 0.0234375 0.021875
0 0.56640625 0.9234375 0.053125 0.046875
0 0.2671875 0.91484375 0.0515625 0.04296875