0 0.22578125 0.46484375 0.03203125 0.03359375
0 0.25703125 0.465625 0.0296875 0.03203125
0 0.35078125 0.54765625 0.028125 0.028125
0 0.35078125 0.46484375 0.025 0.0296875
0 0.38046875 0.46484375 0.028125 0.0265625
0 0.61171875 0.31171875 0.0203125 0.0203125
0 0.64921875 0.3109375 0.025 0.021875
0 0.67890625 0.30859375 0.021875 0.0234375
0 0.73359375 0.3015625 0.0296875 0.03359375
0 0.76328125 0.31328125 0.0296875 0.03359375
0 0.59140625 0.46328125 0.0265625 0.0296875
0 0.50703125 0.55859375 0.0234375 0.0265625
0 0.53671875 0.54921875 0.0234375 0.03203125
0 0.98984375 0.40703125 0.0203125 0.0203125
0 0.990625 0.4453125 0.01796875 0.0234375
0 0.8515625 0.72890625 0.0265625 0.025
0 0.91796875 0.6328125 0.0234375 0.021875
0 0.13515625 0.7859375 0.0265625 0.03515625
0 0.26015625 0.78671875 0.0296875 0.0296875
0 0.3859375 0.78515625 0.03203125 0.03359375
0 0.51796875 0.7875 0.0234375 0.03203125
0 0.5453125 0.78671875 0.0265625 0.0296875
0 0.5765625 0.78359375 0.0296875 0.03671875
0 0.64296875 0.7828125 0.0234375 0.025
0 0.6734375 0.78359375 0.01640625 0.0203125
0 0.7171875 0.78515625 0.021875 0.0203125
0 0.74765625 0.78046875 0.021875 0.021875
0 0.7703125 0.78203125 0.01640625 0.0203125
0 0.79140625 0.78203125 0.01640625 0.0234375
0 0.83046875 0.78046875 0.01796875 0.021875
0 0.8734375 0.77734375 0.0203125 0.021875
0 0.89921875 0.7765625 0.01796875 0.0234375
0 0.92265625 0.7796875 0.01796875 0.0203125
0 0.946875 0.77734375 0.0234375 0.021875
0 0.26484375 0.89609375 0.0296875 0.03203125
0 0.296875 0.8953125 0.0265625 0.0296875
0 0.32890625 0.89765625 0.025 0.028125
0 0.378125 0.8953125 0.046875 0.03984375
0 0.425 0.88515625 0.0265625 0.0265625
0 0.53046875 0.890625 0.03203125 0.0453125
0 0.5765625 0.89140625 0.03359375 0.046875
0 0.61171875 0.89296875 0.0265625 0.0296875
0 0.6484375 0.89296875 0.0296875 0.0265625
0 0.6796875 0.94140625 0.0234375 0.0265625
0 0.70078125 0.8890625 0.01796875 0.025
0 0.721875 0.8875 0.0203125 0.025
0 0.8171875 0.8890625 0.021875 0.025
0 0.83984375 0.9203125 0.0234375 0.0234375
0 0.85234375 0.87578125 0.01796875 0.025
0 0.87265625 0.87578125 0.01484375 0.021875
0 0.9 0.92109375 0.01640625 0.025
0 0.86015625 0.9203125 0.01640625 0.0234375
0 0.87890625 0.9171875 0.01796875 0.021875
0 0.91953125 0.9203125 0.01796875 0.0265625
0 0.93984375 0.91953125 0.01640625 0.021875
0 0.9703125 0.878125 0.01640625 0.0203125
0 0.96953125 0.89296875 0.021875 0.01640625
0 0.95 0.8734375 0.0234375 0.0234375
0 0.96015625 0.915625 0.0234375 0.025
0 0.9296875 0.871875 0.0234375 0.0234375