0 0.01640625 0.22421875 0.0328125 0.0328125
0 0.0984375 0.24296875 0.0203125 0.0265625
0 0.109375 0.32109375 0.01796875 0.021875
0 0.028125 0.34921875 0.0296875 0.028125
0 0.034375 0.39140625 0.03515625 0.03984375
0 0.1234375 0.4375 0.0203125 0.025
0 0.1328125 0.51484375 0.01796875 0.0265625
0 0.0484375 0.465625 0.03359375 0.025
0 0.14296875 0.61015625 0.0234375 0.0265625
0 0.1671875 0.6859375 0.025 0.025
0 0.23984375 0.66953125 0.03359375 0.03828125
0 0.32109375 0.7578125 0.03828125 0.03828125
0 0.32265625 0.80234375 0.028125 0.025
0 0.39296875 0.79296875 0.0265625 0.0234375
0 0.33203125 0.7078125 0.03359375 0.03828125
0 0.52890625 0.8125 0.04140625 0.03203125
0 0.51484375 0.8703125 0.0234375 0.0234375
0 0.49765625 0.890625 0.028125 0.025
0 0.4703125 0.9171875 0.0296875 0.03203125
0 0.41640625 0.9578125 0.0296875 0.03515625
0 0.803125 0.9125 0.0265625 0.03203125
0 0.77109375 0.9 0.025 0.03359375
0 0.70546875 0.865625 0.025 0.028125
0 0.68515625 0.85078125 0.0203125 0.025
0 0.67265625 0.8265625 0.01796875 0.0234375
0 0.6578125 0.79609375 0.03203125 0.03203125
0 0.6515625 0.72890625 0.0265625 0.021875
0 0.64765625 0.690625 0.025 0.025
0 0.6421875 0.65234375 0.025 0.01796875
0 0.63671875 0.60234375 0.0234375 0.01796875
0 0.6296875 0.56171875 0.0234375 0.0203125
0 0.51953125 0.76484375 0.028125 0.0234375
0 0.5171875 0.73046875 0.025 0.021875
0 0.5140625 0.690625 0.03515625 0.028125
0 0.49453125 0.4265625 0.025 0.0234375
0 0.47421875 0.3390625 0.03515625 0.03828125
0 0.47265625 0.30703125 0.025 0.0203125
0 0.4703125 0.2734375 0.0296875 0.0203125
0 0.3921875 0.35 0.03515625 0.03671875
0 0.32421875 0.27890625 0.021875 0.025
0 0.44609375 0.08984375 0.03515625 0.0296875
0 0.45234375 0.12578125 0.03828125 0.03203125
0 0.57734375 0.084375 0.025 0.025
0 0.58203125 0.12578125 0.0234375 0.025
0 0.7140625 0.0953125 0.025 0.0296875
0 0.8421875 0.06796875 0.03203125 0.03671875
0 0.67734375 0.259375 0.025 0.01796875
0 0.62890625 0.39765625 0.028125 0.021875
0 0.59453125 0.3703125 0.021875 0.0234375
0 0.59453125 0.29140625 0.03515625 0.0296875
0 0.63671875 0.2765625 0.01640625 0.0234375
0 0.74921875 0.53984375 0.03203125 0.0296875
0 0.80546875 0.49765625 0.021875 0.025
0 0.784375 0.7 0.021875 0.0203125
0 0.840625 0.69453125 0.03203125 0.04140625