0 0.93046875 0.25 0.021875 0.0234375
0 0.859375 0.28359375 0.01796875 0.0203125
0 0.85234375 0.25703125 0.028125 0.0265625
0 0.84765625 0.2 0.021875 0.0203125
0 0.8390625 0.16484375 0.03203125 0.03359375
0 0.80390625 0.1640625 0.025 0.028125
0 0.7765625 0.17734375 0.0203125 0.021875
0 0.77109375 0.21171875 0.021875 0.0203125
0 0.7765625 0.27890625 0.0234375 0.021875
0 0.77734375 0.30078125 0.025 0.01796875
0 0.66953125 0.3015625 0.025 0.0203125
0 0.628125 0.19609375 0.03359375 0.03203125
0 0.5546875 0.2 0.0296875 0.0296875
0 0.56015625 0.2796875 0.0234375 0.0203125
0 0.4359375 0.3078125 0.025 0.025
0 0.41796875 0.2828125 0.0203125 0.021875
0 0.34296875 0.22109375 0.03359375 0.03515625
0 0.3 0.23984375 0.0265625 0.0265625
0 0.31953125 0.30859375 0.028125 0.0296875
0 0.36015625 0.371875 0.0234375 0.0234375
0 0.39140625 0.39453125 0.03671875 0.03515625
0 0.71484375 0.0296875 0.0234375 0.0234375
0 0.4140625 0.1515625 0.025 0.0234375
0 0.21328125 0.16796875 0.0265625 0.0234375
0 0.07265625 0.13515625 0.025 0.0234375
0 0.028125 0.38984375 0.03359375 0.03671875
0 0.1921875 0.81953125 0.03515625 0.03515625
0 0.18984375 0.78203125 0.03671875 0.0296875
0 0.21328125 0.7421875 0.03359375 0.03203125
0 0.2484375 0.68984375 0.0234375 0.0234375
0 0.35546875 0.84296875 0.03828125 0.03671875
0 0.48046875 0.8015625 0.021875 0.0203125
0 0.44921875 0.759375 0.03203125 0.028125
0 0.47109375 0.728125 0.03515625 0.0296875
0 0.4984375 0.70390625 0.0203125 0.021875
0 0.51328125 0.678125 0.0203125 0.0203125
0 0.575 0.67578125 0.0203125 0.021875
0 0.65859375 0.81171875 0.0203125 0.0265625
0 0.6859375 0.7875 0.025 0.021875
0 0.690625 0.75703125 0.021875 0.0203125
0 0.696875 0.72734375 0.0234375 0.01796875
0 0.70078125 0.7015625 0.025 0.0203125
0 0.70390625 0.67734375 0.028125 0.01796875
0 0.815625 0.7109375 0.025 0.01796875
0 0.815625 0.74140625 0.025 0.0203125
0 0.81796875 0.76640625 0.0234375 0.0203125
0 0.8296875 0.796875 0.0296875 0.0296875
0 0.8859375 0.796875 0.03828125 0.03984375
0 0.9 0.75546875 0.0234375 0.021875
0 0.8953125 0.72578125 0.0265625 0.021875
0 0.8953125 0.6953125 0.0296875 0.0203125
0 0.96640625 0.6640625 0.0234375 0.01796875
0 0.9734375 0.72734375 0.0265625 0.021875
0 0.975 0.75 0.0265625 0.0203125