0 0.02265625 0.37265625 0.03828125 0.0546875
0 0.22109375 0.753125 0.0515625 0.04296875
0 0.22890625 0.65234375 0.0453125 0.06171875
0 0.39140625 0.5328125 0.06015625 0.0484375
0 0.4046875 0.4625 0.053125 0.05859375
0 0.50390625 0.45078125 0.04140625 0.0515625
0 0.46640625 0.6484375 0.046875 0.05
0 0.59609375 0.46328125 0.04140625 0.05
0 0.696875 0.49921875 0.046875 0.0453125
0 0.67265625 0.6328125 0.0515625 0.0484375
0 0.6828125 0.70703125 0.0453125 0.04296875
0 0.7390625 0.8796875 0.04140625 0.046875
0 0.80859375 0.75 0.046875 0.06015625
0 0.903125 0.675 0.05703125 0.04296875
0 0.93359375 0.50078125 0.05703125 0.0453125