0 0.6140625 0.36328125 0.04140625 0.046875
0 0.67421875 0.3609375 0.03828125 0.04140625
0 0.59765625 0.20703125 0.03828125 0.04296875
0 0.6578125 0.221875 0.03515625 0.046875
0 0.30703125 0.17734375 0.03671875 0.03828125
0 0.290625 0.07109375 0.0453125 0.0453125
0 0.63515625 0.0421875 0.046875 0.0484375
0 0.71484375 0.2015625 0.03984375 0.03984375
0 0.90546875 0.34296875 0.03828125 0.03984375
0 0.95546875 0.3421875 0.03828125 0.04140625
0 0.021875 0.378125 0.03671875 0.0296875
0 0.075 0.2421875 0.03984375 0.04140625
0 0.1734375 0.29296875 0.03984375 0.03359375
0 0.12734375 0.16015625 0.03515625 0.03984375
0 0.6875 0.0421875 0.0453125 0.0484375
0 0.7390625 0.03828125 0.0453125 0.046875
0 0.8921875 0.0984375 0.03828125 0.03984375
0 0.934375 0.13046875 0.04140625 0.03828125
0 0.97421875 0.16640625 0.03515625 0.03984375