0 0.08359375 0.4515625 0.06015625 0.0703125
0 0.06328125 0.5359375 0.06640625 0.05859375
0 0.059375 0.61015625 0.05859375 0.06015625
0 0.11171875 0.6390625 0.053125 0.071875
0 0.1671875 0.66328125 0.0515625 0.0703125
0 0.21796875 0.6890625 0.05 0.075
0 0.26953125 0.71640625 0.0515625 0.0703125
0 0.10703125 0.74921875 0.05703125 0.075
0 0.159375 0.775 0.0515625 0.0734375
0 0.2140625 0.8046875 0.0484375 0.0734375
0 0.42265625 0.646875 0.028125 0.03671875
0 0.0171875 0.6328125 0.034375 0.05625
0 0.27578125 0.5296875 0.03515625 0.046875
0 0.32578125 0.5375 0.03828125 0.0515625
0 0.3703125 0.5484375 0.03671875 0.05703125
0 0.25234375 0.4140625 0.03828125 0.04140625
0 0.29140625 0.40859375 0.0296875 0.053125
0 0.4015625 0.44296875 0.03359375 0.053125
0 0.675 0.54453125 0.03671875 0.0453125
0 0.71953125 0.5578125 0.03515625 0.0453125
0 0.7578125 0.5796875 0.03515625 0.046875
0 0.840625 0.95546875 0.03203125 0.03828125
0 0.86796875 0.97109375 0.06328125 0.03203125
0 0.64296875 0.5765625 0.053125 0.03984375
0 0.69921875 0.7 0.0453125 0.03984375
0 0.64609375 0.62421875 0.0515625 0.03828125