0 0.190625 0.18671875 0.03828125 0.03671875
0 0.26953125 0.24453125 0.028125 0.03203125
0 0.3375 0.27109375 0.03203125 0.03828125
0 0.2796875 0.29296875 0.03671875 0.03359375
0 0.38828125 0.3046875 0.0296875 0.03671875
0 0.43046875 0.3375 0.028125 0.03828125
0 0.4796875 0.3609375 0.0296875 0.03515625
0 0.52578125 0.38671875 0.03203125 0.03359375
0 0.5671875 0.41328125 0.03203125 0.03359375
0 0.61171875 0.4359375 0.03359375 0.03515625
0 0.0375 0.04921875 0.025 0.04140625
0 0.7734375 0.51328125 0.03359375 0.03984375
0 0.57734375 0.5234375 0.03515625 0.0296875
0 0.725 0.52890625 0.0296875 0.03203125
0 0.8109375 0.95703125 0.03203125 0.03671875
0 0.28671875 0.10390625 0.03359375 0.03515625
0 0.22890625 0.12734375 0.03515625 0.04140625
0 0.19921875 0.146875 0.03515625 0.0296875