0 0.77265625 0.37265625 0.01484375 0.01796875
0 0.809375 0.37734375 0.01484375 0.01796875
0 0.82890625 0.38046875 0.01484375 0.01484375
0 0.84765625 0.3828125 0.01171875 0.01796875
0 0.8640625 0.384375 0.01171875 0.01484375
0 0.6984375 0.41015625 0.01640625 0.0203125
0 0.67578125 0.43203125 0.021875 0.01640625
0 0.2375 0.4484375 0.01796875 0.0234375
0 0.22265625 0.478125 0.025 0.0296875
0 0.6640625 0.52890625 0.025 0.025
0 0.38359375 0.534375 0.0296875 0.03203125
0 0.79453125 0.5765625 0.021875 0.0203125
0 0.3953125 0.5875 0.0265625 0.025
0 0.8125 0.6 0.021875 0.0234375
0 0.30390625 0.61796875 0.028125 0.0265625
0 0.65078125 0.625 0.01484375 0.01328125
0 0.2296875 0.64921875 0.0234375 0.025
0 0.265625 0.65703125 0.021875 0.0265625
0 0.23359375 0.68515625 0.0265625 0.0296875
0 0.31796875 0.709375 0.0234375 0.021875
0 0.503125 0.709375 0.01640625 0.01484375