0 0.04453125 0.1859375 0.025 0.028125
0 0.05078125 0.225 0.025 0.0265625
0 0.059375 0.3 0.03828125 0.0296875
0 0.06015625 0.33671875 0.0296875 0.0265625
0 0.07421875 0.41328125 0.04140625 0.03671875
0 0.0828125 0.52421875 0.028125 0.021875
0 0.1109375 0.775 0.025 0.0234375
0 0.12734375 0.915625 0.028125 0.028125
0 0.54296875 0.81484375 0.0265625 0.0234375
0 0.5375 0.7375 0.025 0.01796875
0 0.61953125 0.5734375 0.0515625 0.046875
0 0.63359375 0.7203125 0.053125 0.046875
0 0.6375 0.796875 0.025 0.0203125
0 0.87421875 0.78984375 0.021875 0.0203125
0 0.73359375 0.37578125 0.03984375 0.0453125
0 0.64140625 0.17578125 0.0296875 0.03828125
0 0.6609375 0.1171875 0.03203125 0.028125
0 0.6984375 0.046875 0.03984375 0.053125
0 0.575 0.20390625 0.046875 0.03515625
0 0.578125 0.2421875 0.0265625 0.03203125
0 0.58671875 0.28203125 0.05 0.04296875
0 0.5921875 0.353125 0.0546875 0.046875
0 0.81171875 0.453125 0.053125 0.046875
0 0.7984375 0.3359375 0.0265625 0.028125
0 0.9375 0.271875 0.028125 0.0234375
0 0.93984375 0.30078125 0.0296875 0.025
0 0.94296875 0.3296875 0.0265625 0.0265625
0 0.96796875 0.56171875 0.046875 0.05
0 0.59453125 0.38984375 0.028125 0.03359375
0 0.80859375 0.4015625 0.0296875 0.0296875
0 0.8015625 0.36328125 0.0296875 0.0265625
0 0.975 0.62265625 0.046875 0.0484375
0 0.8296875 0.59296875 0.0296875 0.0265625
0 0.83515625 0.62421875 0.0296875 0.03203125
0 0.83515625 0.65234375 0.03359375 0.03203125