0 0.075 0.53984375 0.05703125 0.0703125
0 0.05234375 0.76171875 0.06484375 0.06640625
0 0.16640625 0.659375 0.053125 0.078125
0 0.22890625 0.64140625 0.0515625 0.04296875
0 0.31640625 0.54140625 0.053125 0.0734375
0 0.41953125 0.603125 0.0484375 0.053125
0 0.421875 0.42734375 0.04296875 0.04140625
0 0.4765625 0.40078125 0.05 0.0484375
0 0.5296875 0.36953125 0.046875 0.0515625
0 0.628125 0.31171875 0.05 0.05703125
0 0.68203125 0.284375 0.05 0.0515625
0 0.5390625 0.4765625 0.0484375 0.05
0 0.725 0.37578125 0.05 0.0484375
0 0.5609375 0.6078125 0.0515625 0.0515625
0 0.60546875 0.5796875 0.0484375 0.053125
0 0.65390625 0.55078125 0.0484375 0.0515625
0 0.70078125 0.528125 0.0484375 0.05703125
0 0.84140625 0.45234375 0.046875 0.05859375
0 0.88671875 0.4265625 0.05 0.05703125
0 0.9765625 0.37265625 0.046875 0.0546875