0 0.2984375 0.50859375 0.0265625 0.03671875
0 0.33203125 0.51640625 0.0234375 0.03359375
0 0.36484375 0.5265625 0.0265625 0.03671875
0 0.39609375 0.5390625 0.028125 0.03828125
0 0.6171875 0.44765625 0.028125 0.03515625
0 0.44453125 0.55 0.025 0.0265625
0 0.4828125 0.60546875 0.028125 0.025
0 0.5328125 0.65859375 0.025 0.03359375
0 0.56796875 0.67578125 0.0234375 0.03203125
0 0.603125 0.68515625 0.0234375 0.03359375
0 0.6796875 0.41171875 0.0265625 0.03359375
0 0.70234375 0.3921875 0.028125 0.03203125
0 0.5359375 0.696875 0.028125 0.0265625
0 0.59296875 0.7140625 0.0296875 0.028125
0 0.65 0.6296875 0.01640625 0.0234375
0 0.5609375 0.703125 0.025 0.0234375
0 0.8796875 0.45234375 0.0265625 0.025