0 0.43984375 0.278125 0.0203125 0.0265625
0 0.4640625 0.28203125 0.021875 0.0203125
0 0.50390625 0.534375 0.01796875 0.021875
0 0.525 0.5484375 0.0203125 0.0265625
0 0.353125 0.209375 0.0234375 0.025
0 0.38671875 0.2203125 0.0203125 0.0203125
0 0.4234375 0.2171875 0.0234375 0.028125
0 0.33671875 0.15546875 0.0203125 0.021875
0 0.37265625 0.15234375 0.021875 0.028125
0 0.40859375 0.153125 0.0234375 0.0265625
0 0.4703125 0.15390625 0.0265625 0.03515625
0 0.45546875 0.21953125 0.01796875 0.03203125
0 0.49140625 0.22109375 0.0296875 0.028125
0 0.54765625 0.16015625 0.028125 0.0265625
0 0.56171875 0.22421875 0.0265625 0.03203125
0 0.525 0.2203125 0.0265625 0.0296875
0 0.559375 0.0734375 0.021875 0.0234375
0 0.54140625 0.08046875 0.01640625 0.01796875