0 0.0796875 0.08984375 0.05 0.04296875
0 0.02578125 0.215625 0.0515625 0.0515625
0 0.2109375 0.18515625 0.06484375 0.05
0 0.275 0.06640625 0.06640625 0.06328125
0 0.16015625 0.3828125 0.06328125 0.06171875
0 0.2171875 0.44140625 0.06171875 0.06328125
0 0.3859375 0.484375 0.05859375 0.08203125
0 0.6796875 0.45234375 0.06015625 0.06484375
0 0.64453125 0.54140625 0.06171875 0.05703125
0 0.62421875 0.6359375 0.1015625 0.08828125
0 0.94140625 0.6171875 0.0703125 0.05859375
0 0.97421875 0.95 0.0515625 0.06015625