0 0.403125 0.1765625 0.0203125 0.0203125
0 0.6765625 0.19921875 0.01640625 0.021875
0 0.42890625 0.27890625 0.01484375 0.01796875
0 0.45390625 0.346875 0.028125 0.0265625
0 0.44765625 0.3796875 0.028125 0.0296875
0 0.41015625 0.44140625 0.0203125 0.0203125
0 0.3546875 0.490625 0.0234375 0.028125
0 0.38203125 0.53828125 0.0203125 0.0234375
0 0.3609375 0.5625 0.025 0.028125
0 0.51640625 0.62890625 0.0234375 0.025
0 0.2171875 0.0765625 0.021875 0.0265625
0 0.2546875 0.8 0.0234375 0.0265625
0 0.58046875 0.09296875 0.01484375 0.0203125
0 0.5421875 0.09609375 0.028125 0.03203125