0 0.18828125 0.88359375 0.046875 0.03984375
0 0.33984375 0.7015625 0.0265625 0.0234375
0 0.0671875 0.540625 0.0453125 0.03828125
0 0.01953125 0.42890625 0.028125 0.025
0 0.01484375 0.3859375 0.0296875 0.03515625
0 0.28671875 0.325 0.03359375 0.03984375
0 0.590625 0.12421875 0.04140625 0.03515625
0 0.30078125 0.09765625 0.04140625 0.03828125
0 0.240625 0.171875 0.03828125 0.03671875
0 0.28515625 0.153125 0.03984375 0.03359375
0 0.35078125 0.15 0.03515625 0.03359375
0 0.7703125 0.59140625 0.0203125 0.0296875
0 0.7953125 0.37890625 0.04296875 0.03828125
0 0.81171875 0.41796875 0.04296875 0.03671875
0 0.27890625 0.215625 0.03515625 0.03515625
0 0.3859375 0.26640625 0.03828125 0.03671875
0 0.425 0.284375 0.03671875 0.04140625
0 0.4203125 0.47578125 0.03984375 0.04140625
0 0.459375 0.3046875 0.03828125 0.03984375
0 0.44140625 0.19140625 0.03671875 0.03984375
0 0.48359375 0.21484375 0.03671875 0.03984375
0 0.64296875 0.31484375 0.03671875 0.03671875
0 0.4359375 0.44453125 0.021875 0.021875
0 0.4578125 0.4046875 0.025 0.0234375
0 0.4921875 0.5359375 0.03515625 0.03515625
0 0.90234375 0.25859375 0.03828125 0.03671875
0 0.52421875 0.2390625 0.025 0.021875
0 0.509375 0.49296875 0.021875 0.0234375
0 0.34453125 0.4171875 0.021875 0.021875
0 0.6109375 0.23359375 0.021875 0.0234375
0 0.6484375 0.21796875 0.0265625 0.0203125
0 0.859375 0.1046875 0.03203125 0.0296875
0 0.77421875 0.26640625 0.028125 0.0265625
0 0.425 0.11796875 0.0265625 0.0234375
0 0.80859375 0.25703125 0.03671875 0.03984375
0 0.846875 0.24296875 0.03359375 0.03984375
0 0.94765625 0.28984375 0.03203125 0.03671875
0 0.81015625 0.16640625 0.0234375 0.03671875
0 0.86328125 0.0546875 0.046875 0.04296875
0 0.6625 0.0265625 0.025 0.0203125