0 0.5015625 0.24765625 0.046875 0.0484375
0 0.6484375 0.27265625 0.046875 0.0546875
0 0.77890625 0.2796875 0.03203125 0.03671875
0 0.846875 0.2734375 0.05 0.05
0 0.13671875 0.2671875 0.0265625 0.03203125
0 0.1671875 0.2671875 0.01484375 0.01796875
0 0.196875 0.26953125 0.0234375 0.021875
0 0.18359375 0.390625 0.03671875 0.0484375
0 0.22109375 0.390625 0.03828125 0.0515625
0 0.26328125 0.39140625 0.03359375 0.046875
0 0.30390625 0.39296875 0.03203125 0.046875
0 0.34921875 0.38671875 0.04140625 0.05
0 0.07890625 0.421875 0.04140625 0.03671875
0 0.08046875 0.46171875 0.04140625 0.03359375
0 0.22265625 0.47421875 0.025 0.03203125
0 0.2703125 0.47578125 0.0265625 0.03203125
0 0.30390625 0.47578125 0.025 0.028125
0 0.15546875 0.1890625 0.03203125 0.03515625
0 0.05546875 0.23515625 0.028125 0.0265625
0 0.2828125 0.2296875 0.025 0.0265625
0 0.0171875 0.5765625 0.025 0.0234375
0 0.040625 0.21171875 0.025 0.0203125