0 0.2109375 0.359375 0.01796875 0.025
0 0.23984375 0.353125 0.0234375 0.0265625
0 0.29609375 0.34921875 0.03203125 0.03515625
0 0.35234375 0.3421875 0.021875 0.025
0 0.32734375 0.21640625 0.021875 0.0265625
0 0.3515625 0.21484375 0.0234375 0.0265625
0 0.34609375 0.17421875 0.03515625 0.028125
0 0.5484375 0.1515625 0.0265625 0.03359375
0 0.60390625 0.153125 0.025 0.0296875
0 0.65078125 0.19140625 0.028125 0.0265625
0 0.6171875 0.3640625 0.03203125 0.03828125
0 0.6890625 0.2375 0.025 0.03203125
0 0.73671875 0.18359375 0.0234375 0.0296875
0 0.7359375 0.2390625 0.0484375 0.0453125
0 0.78984375 0.2328125 0.046875 0.0453125
0 0.84765625 0.2484375 0.03828125 0.046875
0 0.8984375 0.2484375 0.03984375 0.046875
0 0.746875 0.3515625 0.0265625 0.0296875
0 0.84921875 0.35078125 0.03203125 0.0453125
0 0.8890625 0.34765625 0.03203125 0.03203125
0 0.9640625 0.34453125 0.028125 0.03515625