0 0.69609375 0.6234375 0.06796875 0.0734375
0 0.92109375 0.559375 0.06796875 0.06484375
0 0.69296875 0.7609375 0.06015625 0.06171875
0 0.315625 0.86015625 0.06171875 0.06015625
0 0.60546875 0.803125 0.06171875 0.0703125
0 0.43671875 0.65390625 0.05 0.05859375
0 0.2796875 0.4671875 0.05 0.06171875
0 0.11484375 0.50390625 0.05 0.05859375
0 0.53515625 0.434375 0.04296875 0.0515625
0 0.77578125 0.396875 0.071875 0.06640625
0 0.57265625 0.24296875 0.03203125 0.0296875
0 0.775 0.77734375 0.05703125 0.06171875
0 0.62734375 0.31640625 0.0484375 0.0703125