0 0.55859375 0.353125 0.03984375 0.04296875
0 0.59296875 0.3703125 0.03671875 0.03671875
0 0.671875 0.3140625 0.03984375 0.04140625
0 0.6796875 0.4140625 0.03671875 0.0453125
0 0.746875 0.25703125 0.03671875 0.03984375
0 0.771875 0.4609375 0.03671875 0.03828125
0 0.821875 0.49296875 0.03671875 0.03984375
0 0.5125 0.6984375 0.03515625 0.04296875
0 0.55703125 0.72421875 0.03671875 0.04140625
0 0.75234375 0.65390625 0.03515625 0.03515625
0 0.83515625 0.72265625 0.0296875 0.03203125
0 0.746875 0.87265625 0.03984375 0.04140625
0 0.8171875 0.8765625 0.03515625 0.03984375
0 0.3546875 0.765625 0.04296875 0.03515625
0 0.59453125 0.73984375 0.03515625 0.03984375
0 0.7 0.753125 0.03359375 0.03359375
0 0.71171875 0.7234375 0.0203125 0.0203125
0 0.72890625 0.71796875 0.01796875 0.0203125
0 0.69296875 0.3375 0.0203125 0.025
0 0.71015625 0.35 0.01328125 0.01640625
0 0.75 0.3453125 0.01640625 0.0203125
0 0.78671875 0.36796875 0.01640625 0.01328125
0 0.72734375 0.9078125 0.03828125 0.03515625
0 0.75859375 0.9828125 0.0390625 0.034375
0 0.6109375 0.92421875 0.03203125 0.03203125
0 0.63046875 0.88828125 0.03828125 0.03359375
0 0.646875 0.840625 0.0234375 0.025
0 0.89296875 0.53828125 0.0265625 0.03359375
0 0.73203125 0.3578125 0.01640625 0.01484375
0 0.7515625 0.3671875 0.01328125 0.01484375
0 0.76953125 0.37578125 0.01796875 0.01796875
0 0.778125 0.2609375 0.01328125 0.021875
0 0.79921875 0.271875 0.01171875 0.01640625
0 0.81640625 0.2796875 0.01640625 0.01640625
0 0.81796875 0.3015625 0.01015625 0.01328125
0 0.7984375 0.29140625 0.01640625 0.01328125
0 0.77890625 0.2796875 0.01484375 0.01015625