0 0.73984375 0.171875 0.03359375 0.04296875
0 0.49140625 0.25703125 0.03984375 0.03984375
0 0.44765625 0.2609375 0.03828125 0.03515625
0 0.40859375 0.26328125 0.03984375 0.03671875
0 0.3671875 0.26953125 0.03828125 0.03515625
0 0.3234375 0.3328125 0.05 0.0484375
0 0.3234375 0.38984375 0.04296875 0.05703125
0 0.19140625 0.34296875 0.03359375 0.03984375
0 0.203125 0.30234375 0.03359375 0.03828125
0 0.21640625 0.25703125 0.03359375 0.03671875
0 0.2375 0.2203125 0.03203125 0.03984375
0 0.165625 0.43046875 0.0453125 0.0484375
0 0.190625 0.48046875 0.03828125 0.0453125
0 0.20390625 0.5421875 0.03828125 0.03828125
0 0.23671875 0.58046875 0.04296875 0.04140625
0 0.2703125 0.62265625 0.03984375 0.03828125
0 0.34609375 0.640625 0.0453125 0.0453125
0 0.38515625 0.6125 0.04296875 0.04140625
0 0.3453125 0.56484375 0.04296875 0.046875
0 0.30234375 0.50703125 0.0484375 0.04296875
0 0.39296875 0.55859375 0.03359375 0.0296875
0 0.43046875 0.56328125 0.03515625 0.03359375
0 0.4265625 0.534375 0.03671875 0.03203125
0 0.44140625 0.5109375 0.04296875 0.03203125
0 0.47421875 0.434375 0.0515625 0.04140625