0 0.45 0.4734375 0.0265625 0.0296875
0 0.01953125 0.32578125 0.028125 0.03828125
0 0.52265625 0.5515625 0.01484375 0.0203125
0 0.575 0.56796875 0.01640625 0.01640625
0 0.6 0.5734375 0.01328125 0.01015625
0 0.6265625 0.5828125 0.01328125 0.01796875
0 0.653125 0.59296875 0.01328125 0.01328125
0 0.8953125 0.6296875 0.0234375 0.03359375
0 0.8875 0.6734375 0.03203125 0.0265625
0 0.93359375 0.65078125 0.0234375 0.028125
0 0.96015625 0.66484375 0.0234375 0.03671875
0 0.9484375 0.69296875 0.0296875 0.0265625
0 0.2625 0.07890625 0.028125 0.025
0 0.55703125 0.62734375 0.01328125 0.01484375
0 0.58203125 0.64296875 0.01328125 0.01328125
0 0.60703125 0.65234375 0.01640625 0.01796875
0 0.440625 0.67265625 0.01171875 0.01171875
0 0.4203125 0.675 0.01015625 0.01640625
0 0.43515625 0.684375 0.01328125 0.01484375
0 0.490625 0.71640625 0.01484375 0.01640625
0 0.5015625 0.728125 0.01328125 0.01015625
0 0.48359375 0.72734375 0.01328125 0.01484375
0 0.4953125 0.73984375 0.01328125 0.01328125