0 0.15234375 0.1703125 0.03203125 0.0234375
0 0.9484375 0.190625 0.0203125 0.025
0 0.8953125 0.19453125 0.01640625 0.021875
0 0.8125 0.19609375 0.01796875 0.03203125
0 0.784375 0.19921875 0.025 0.028125
0 0.97109375 0.21171875 0.021875 0.0203125
0 0.0328125 0.2390625 0.01796875 0.01796875
0 0.9703125 0.240625 0.0265625 0.025
0 0.3609375 0.2421875 0.021875 0.03203125
0 0.27578125 0.24765625 0.021875 0.025
0 0.30703125 0.24765625 0.0234375 0.025
0 0.2140625 0.2484375 0.025 0.0265625
0 0.3859375 0.2515625 0.03203125 0.03984375
0 0.16015625 0.25859375 0.0265625 0.0265625
0 0.95390625 0.26484375 0.028125 0.0234375
0 0.6375 0.27421875 0.025 0.03203125
0 0.6734375 0.27421875 0.0234375 0.03203125
0 0.71171875 0.27421875 0.03671875 0.04140625
0 0.565625 0.27578125 0.03515625 0.03515625
0 0.8828125 0.278125 0.021875 0.0203125
0 0.49765625 0.28359375 0.01796875 0.0234375
0 0.4109375 0.2859375 0.03515625 0.03828125
0 0.82578125 0.30078125 0.025 0.021875
0 0.22421875 0.3171875 0.01796875 0.01796875
0 0.80859375 0.31953125 0.0265625 0.025
0 0.16796875 0.32109375 0.0234375 0.028125
0 0.30703125 0.321875 0.01640625 0.0265625
0 0.3265625 0.334375 0.0234375 0.03203125
0 0.3515625 0.35078125 0.01640625 0.021875
0 0.3734375 0.36484375 0.0203125 0.0234375
0 0.396875 0.375 0.0203125 0.0234375
0 0.4171875 0.38984375 0.021875 0.0265625
0 0.33984375 0.41796875 0.0234375 0.0296875
0 0.39453125 0.4359375 0.025 0.028125
0 0.03671875 0.43828125 0.0265625 0.03359375
0 0.01015625 0.4546875 0.0203125 0.03671875
0 0.1515625 0.48359375 0.03359375 0.0296875
0 0.39609375 0.490625 0.025 0.028125
0 0.05546875 0.49609375 0.021875 0.025
0 0.23671875 0.4984375 0.0234375 0.0203125
0 0.3265625 0.51328125 0.0265625 0.0265625
0 0.22109375 0.51953125 0.021875 0.021875
0 0.38828125 0.5671875 0.0203125 0.025
0 0.47265625 0.5828125 0.01796875 0.01796875
0 0.4515625 0.59296875 0.0203125 0.0234375
0 0.56640625 0.61328125 0.0203125 0.0234375
0 0.93046875 0.61484375 0.03515625 0.03984375
0 0.66484375 0.6375 0.0234375 0.01796875
0 0.40234375 0.63828125 0.025 0.0234375
0 0.8890625 0.64765625 0.025 0.03203125
0 0.603125 0.65078125 0.0265625 0.025
0 0.93359375 0.66328125 0.03359375 0.03359375
0 0.359375 0.7078125 0.03203125 0.03828125
0 0.44296875 0.72265625 0.0265625 0.021875
0 0.93671875 0.73203125 0.03359375 0.03359375
0 0.6046875 0.73359375 0.0296875 0.0265625
0 0.43984375 0.75390625 0.0265625 0.025
0 0.46953125 0.76640625 0.01484375 0.0203125
0 0.72265625 0.76640625 0.03828125 0.03984375
0 0.60078125 0.7765625 0.021875 0.0203125
0 0.49921875 0.78984375 0.03828125 0.03359375
0 0.12265625 0.790625 0.028125 0.03203125
0 0.61484375 0.09609375 0.0296875 0.025
0 0.340625 0.16015625 0.03203125 0.0265625