0 0.23671875 0.490625 0.0296875 0.03515625
0 0.26171875 0.534375 0.0296875 0.03828125
0 0.33359375 0.6015625 0.03671875 0.03984375
0 0.41640625 0.60234375 0.03359375 0.0484375
0 0.47578125 0.4453125 0.028125 0.046875
0 0.5546875 0.753125 0.03359375 0.03359375
0 0.62421875 0.84609375 0.03828125 0.03515625
0 0.6203125 0.31484375 0.03671875 0.0296875
0 0.59296875 0.2671875 0.03359375 0.03203125
0 0.6859375 0.175 0.03828125 0.03359375
0 0.746875 0.09609375 0.03671875 0.03203125
0 0.8375 0.0375 0.03828125 0.03203125
0 0.71015625 0.20859375 0.03671875 0.03671875
0 0.7296875 0.240625 0.03671875 0.03515625
0 0.765625 0.13046875 0.03203125 0.03515625
0 0.56171875 0.21953125 0.03671875 0.03515625