0 0.41015625 0.265625 0.03984375 0.04140625
0 0.46015625 0.26015625 0.03984375 0.03671875
0 0.509375 0.2625 0.03515625 0.0453125
0 0.734375 0.50078125 0.04140625 0.0453125
0 0.81640625 0.5015625 0.03984375 0.046875
0 0.8625 0.5 0.03828125 0.046875
0 0.3609375 0.34140625 0.028125 0.03359375
0 0.6515625 0.35 0.04296875 0.053125
0 0.2171875 0.34453125 0.025 0.021875
0 0.425 0.56953125 0.0203125 0.028125
0 0.6078125 0.565625 0.01484375 0.021875
0 0.67109375 0.5703125 0.01796875 0.0234375
0 0.61796875 0.58203125 0.01640625 0.0234375
0 0.24296875 0.70078125 0.0296875 0.03515625
0 0.38515625 0.728125 0.03359375 0.03984375
0 0.3265625 0.74765625 0.01640625 0.01484375
0 0.32734375 0.771875 0.01796875 0.0203125
0 0.27421875 0.89921875 0.0453125 0.0515625
0 0.325 0.9046875 0.03359375 0.03984375
0 0.428125 0.90234375 0.04296875 0.0484375
0 0.34453125 0.11171875 0.021875 0.01640625