0 0.33671875 0.32890625 0.03984375 0.03203125
0 0.365625 0.26640625 0.03828125 0.03359375
0 0.17421875 0.12109375 0.0546875 0.06171875
0 0.0875 0.4546875 0.04140625 0.04296875
0 0.14296875 0.44921875 0.03359375 0.03828125
0 0.190625 0.4328125 0.03828125 0.04140625
0 0.271875 0.5734375 0.03359375 0.03359375
0 0.18046875 0.603125 0.03203125 0.03359375
0 0.1234375 0.61796875 0.0296875 0.04296875
0 0.2078125 0.21953125 0.03828125 0.03203125
0 0.196875 0.1703125 0.05703125 0.046875
0 0.02890625 0.15 0.0484375 0.05703125