0 0.2703125 0.08828125 0.03671875 0.03671875
0 0.28515625 0.16953125 0.03671875 0.028125
0 0.32578125 0.1875 0.03515625 0.03203125
0 0.43359375 0.31484375 0.04296875 0.03984375
0 0.396875 0.4203125 0.03671875 0.03984375
0 0.428125 0.4296875 0.0234375 0.03671875
0 0.37109375 0.39140625 0.0453125 0.0296875
0 0.375 0.34140625 0.03359375 0.03359375
0 0.35546875 0.3625 0.0453125 0.03203125
0 0.6796875 0.159375 0.0296875 0.03515625
0 0.709375 0.1421875 0.03828125 0.0453125
0 0.7828125 0.04609375 0.03828125 0.028125
0 0.49140625 0.4921875 0.04296875 0.03828125
0 0.48984375 0.534375 0.04296875 0.04140625
0 0.48359375 0.575 0.05 0.04296875
0 0.50703125 0.60234375 0.0296875 0.03515625
0 0.5375 0.6203125 0.028125 0.03984375
0 0.57421875 0.64453125 0.03515625 0.03828125
0 0.6046875 0.7640625 0.053125 0.0453125
0 0.61171875 0.796875 0.0234375 0.0265625
0 0.63203125 0.82265625 0.0265625 0.0453125
0 0.665625 0.8 0.028125 0.03359375
0 0.69921875 0.7828125 0.028125 0.03203125
0 0.95703125 0.61640625 0.0296875 0.03984375
0 0.9796875 0.39765625 0.03984375 0.03515625
0 0.91796875 0.47109375 0.03984375 0.03828125
0 0.89921875 0.43203125 0.03828125 0.03984375
0 0.88203125 0.4 0.03359375 0.03984375
0 0.8921875 0.253125 0.028125 0.03359375
0 0.82109375 0.2984375 0.04140625 0.03984375
0 0.8015625 0.26171875 0.04296875 0.03671875
0 0.77578125 0.21328125 0.0515625 0.03984375
0 0.81796875 0.18203125 0.03671875 0.03359375
0 0.91328125 0.28984375 0.0265625 0.0265625