0 0.740625 0.0921875 0.10859375 0.11484375
0 0.75234375 0.24453125 0.13828125 0.121875
0 0.784375 0.50546875 0.071875 0.078125
0 0.78515625 0.65078125 0.11640625 0.11796875
0 0.796875 0.79765625 0.1203125 0.128125
0 0.8125 0.95078125 0.11796875 0.0984375
0 0.43828125 0.07109375 0.0734375 0.071875
0 0.43828125 0.190625 0.06015625 0.05859375
0 0.46015625 0.43359375 0.06015625 0.06015625
0 0.46171875 0.55703125 0.0734375 0.0765625
0 0.47421875 0.8171875 0.06484375 0.06796875
0 0.4609375 0.6859375 0.08203125 0.078125