0 0.50546875 0.4609375 0.06171875 0.06484375
0 0.334375 0.39296875 0.0515625 0.03984375
0 0.7984375 0.33515625 0.04296875 0.03671875
0 0.7625 0.2671875 0.0484375 0.03828125
0 0.34140625 0.45 0.053125 0.03671875
0 0.2109375 0.45703125 0.0453125 0.03359375
0 0.21640625 0.49765625 0.03984375 0.03203125
0 0.2578125 0.24921875 0.03828125 0.04140625
0 0.31171875 0.24140625 0.04296875 0.03984375
0 0.41640625 0.2171875 0.03984375 0.04140625
0 0.46640625 0.21015625 0.03984375 0.03984375
0 0.509375 0.20546875 0.03515625 0.0453125