0 0.55390625 0.19921875 0.03828125 0.028125
0 0.31015625 0.2015625 0.03984375 0.03671875
0 0.41015625 0.21015625 0.04296875 0.03984375
0 0.31171875 0.2453125 0.03671875 0.03671875
0 0.409375 0.2515625 0.0453125 0.04296875
0 0.30703125 0.28515625 0.03671875 0.03671875
0 0.45390625 0.2875 0.03203125 0.03203125
0 0.409375 0.2953125 0.04140625 0.03984375
0 0.55390625 0.3046875 0.03828125 0.03359375
0 0.55234375 0.359375 0.0453125 0.03515625
0 0.5515625 0.40859375 0.03984375 0.03359375
0 0.45390625 0.42734375 0.03515625 0.03203125
0 0.55234375 0.46015625 0.03515625 0.0296875
0 0.5515625 0.5125 0.04296875 0.028125
0 0.31640625 0.5609375 0.05 0.05859375
0 0.5515625 0.56796875 0.03671875 0.03671875
0 0.42890625 0.69453125 0.025 0.025
0 0.43203125 0.73515625 0.03359375 0.0296875
0 0.42890625 0.77734375 0.03515625 0.03203125
0 0.5484375 0.78359375 0.06015625 0.053125
0 0.42890625 0.821875 0.03828125 0.03984375
0 0.54609375 0.84453125 0.05859375 0.0515625
0 0.43046875 0.8640625 0.03828125 0.025
0 0.54140625 0.90078125 0.046875 0.03828125
0 0.553125 0.1484375 0.03671875 0.0265625
0 0.4578125 0.15 0.03828125 0.03359375
0 0.25859375 0.1515625 0.03984375 0.03671875
0 0.3125 0.1578125 0.04140625 0.03515625
0 0.409375 0.1640625 0.04140625 0.03515625