0 0.32265625 0.50859375 0.04140625 0.04296875
0 0.43828125 0.41015625 0.03671875 0.04296875
0 0.478125 0.378125 0.04296875 0.04296875
0 0.66640625 0.21015625 0.04296875 0.046875
0 0.72578125 0.2703125 0.0453125 0.04296875
0 0.728125 0.37890625 0.06328125 0.071875
0 0.7875 0.35078125 0.04140625 0.04140625
0 0.67890625 0.440625 0.04140625 0.0453125
0 0.7078125 0.175 0.0453125 0.04296875
0 0.74765625 0.1421875 0.03828125 0.04140625
0 0.7890625 0.10859375 0.03828125 0.03671875
0 0.82890625 0.075 0.04140625 0.04296875
0 0.5578125 0.546875 0.0453125 0.04296875
0 0.50859375 0.58515625 0.03984375 0.04296875
0 0.46015625 0.6265625 0.04296875 0.053125
0 0.41328125 0.67265625 0.03671875 0.0453125
0 0.36171875 0.7140625 0.03984375 0.0484375
0 0.1390625 0.690625 0.04140625 0.0484375
0 0.096875 0.72734375 0.04296875 0.0484375
0 0.059375 0.76328125 0.03828125 0.04296875