0 0.21328125 0.4671875 0.03671875 0.03203125
0 0.23828125 0.47421875 0.0265625 0.028125
0 0.26953125 0.4703125 0.03203125 0.0296875
0 0.2953125 0.47578125 0.0265625 0.028125
0 0.328125 0.44453125 0.0234375 0.028125
0 0.3578125 0.4421875 0.025 0.025
0 0.3875 0.44609375 0.025 0.025
0 0.34921875 0.5046875 0.025 0.0296875
0 0.37890625 0.51015625 0.028125 0.0296875
0 0.40078125 0.5078125 0.01796875 0.03203125
0 0.415625 0.51640625 0.025 0.03671875
0 0.07578125 0.5890625 0.03828125 0.028125
0 0.13984375 0.59296875 0.0265625 0.03671875
0 0.16796875 0.6015625 0.0234375 0.0203125
0 0.16640625 0.62421875 0.0234375 0.021875
0 0.06484375 0.6578125 0.03359375 0.03515625
0 0.1 0.6578125 0.0296875 0.03515625
0 0.134375 0.6578125 0.03515625 0.03515625
0 0.16640625 0.65859375 0.0265625 0.03359375
0 0.83984375 0.16953125 0.0234375 0.021875
0 0.709375 0.18203125 0.021875 0.0203125
0 0.72890625 0.19140625 0.01484375 0.0296875
0 0.740625 0.19453125 0.01171875 0.03203125
0 0.75078125 0.2 0.01171875 0.03359375
0 0.7625 0.2015625 0.01171875 0.0265625