0 0.0859375 0.7625 0.125 0.128125
0 0.23984375 0.9234375 0.0734375 0.0703125
0 0.2984375 0.87734375 0.0703125 0.06796875
0 0.26328125 0.76640625 0.10703125 0.1203125
0 0.36328125 0.73515625 0.09296875 0.08984375
0 0.29453125 0.6359375 0.078125 0.08828125
0 0.365625 0.546875 0.06796875 0.06328125
0 0.3890625 0.62890625 0.08515625 0.08828125
0 0.4578125 0.65703125 0.1046875 0.096875
0 0.53515625 0.6046875 0.1203125 0.1203125
0 0.43984375 0.55703125 0.09296875 0.096875
0 0.4609375 0.45390625 0.06171875 0.06171875
0 0.5296875 0.49140625 0.11015625 0.09296875
0 0.6765625 0.4640625 0.103125 0.125
0 0.7421875 0.4015625 0.08515625 0.09296875
0 0.63359375 0.3671875 0.06640625 0.0484375
0 0.56796875 0.3453125 0.06328125 0.03984375
0 0.58359375 0.4234375 0.08671875 0.0734375
0 0.62578125 0.29140625 0.0453125 0.03359375
0 0.66640625 0.26015625 0.04296875 0.03671875
0 0.703125 0.22578125 0.06328125 0.03828125
0 0.70859375 0.3046875 0.0703125 0.046875
0 0.81328125 0.32578125 0.08671875 0.09140625
0 0.878125 0.28046875 0.06015625 0.0515625
0 0.7734375 0.17578125 0.0703125 0.06171875
0 0.8359375 0.1109375 0.09140625 0.071875
0 0.8796875 0.0671875 0.0765625 0.05859375
0 0.946875 0.11015625 0.03984375 0.03671875
0 0.86953125 0.2140625 0.0984375 0.08515625
0 0.93515625 0.20078125 0.03671875 0.03515625
0 0.9328125 0.15859375 0.0515625 0.046875
0 0.93671875 0.05546875 0.04296875 0.03515625
0 0.5234375 0.384375 0.04296875 0.03203125