0 0.3140625 0.2421875 0.06171875 0.06484375
0 0.43203125 0.23828125 0.0296875 0.03359375
0 0.48515625 0.2296875 0.0703125 0.06640625
0 0.56796875 0.21796875 0.05 0.06328125
0 0.6796875 0.21484375 0.046875 0.05
0 0.7640625 0.2078125 0.03828125 0.0453125
0 0.41015625 0.47578125 0.03984375 0.0484375
0 0.46640625 0.6234375 0.04296875 0.046875
0 0.05390625 0.41484375 0.03515625 0.0296875
0 0.61640625 0.6125 0.03984375 0.0484375
0 0.81015625 0.38828125 0.06328125 0.06015625
0 0.90078125 0.43984375 0.0515625 0.06015625
0 0.95859375 0.3984375 0.053125 0.06328125
0 0.08203125 0.6828125 0.0265625 0.025