0 0.25 0.72109375 0.03671875 0.03203125
0 0.15 0.7375 0.03359375 0.0453125
0 0.2203125 0.75703125 0.03984375 0.046875
0 0.271875 0.771875 0.03984375 0.05
0 0.18359375 0.5125 0.053125 0.04140625
0 0.3265625 0.49453125 0.0265625 0.028125
0 0.2109375 0.3859375 0.028125 0.025
0 0.25 0.4015625 0.0296875 0.0296875
0 0.33515625 0.42734375 0.0296875 0.025
0 0.38203125 0.403125 0.0234375 0.0203125
0 0.22578125 0.27578125 0.0453125 0.03828125
0 0.2578125 0.25703125 0.03203125 0.0203125
0 0.2859375 0.23046875 0.028125 0.025
0 0.315625 0.24609375 0.028125 0.03203125
0 0.44140625 0.29140625 0.0265625 0.0234375
0 0.44609375 0.3171875 0.028125 0.01796875
0 0.48359375 0.23828125 0.03359375 0.0265625
0 0.353125 0.1640625 0.046875 0.03515625
0 0.4109375 0.22734375 0.028125 0.028125
0 0.590625 0.08203125 0.03203125 0.0265625
0 0.609375 0.10703125 0.025 0.0265625
0 0.56015625 0.27109375 0.0296875 0.028125
0 0.64765625 0.0265625 0.03515625 0.03671875
0 0.62265625 0.28515625 0.03203125 0.0234375
0 0.65234375 0.2359375 0.028125 0.021875
0 0.76015625 0.234375 0.0265625 0.025
0 0.7421875 0.253125 0.025 0.0265625
0 0.71796875 0.2703125 0.0265625 0.0265625
0 0.6984375 0.28984375 0.0296875 0.0203125
0 0.67890625 0.3078125 0.025 0.025
0 0.6578125 0.32109375 0.025 0.021875
0 0.76953125 0.35078125 0.04140625 0.0453125
0 0.8109375 0.3359375 0.03203125 0.03515625
0 0.828125 0.31484375 0.0296875 0.0234375
0 0.91328125 0.32109375 0.03359375 0.03515625
0 0.9625 0.12421875 0.03203125 0.03515625
0 0.83828125 0.25703125 0.0296875 0.0234375
0 0.84765625 0.2265625 0.03828125 0.0203125
0 0.86640625 0.16640625 0.03359375 0.0265625
0 0.878125 0.10546875 0.03671875 0.025
0 0.78828125 0.15234375 0.0296875 0.021875
0 0.80078125 0.121875 0.03515625 0.0203125
0 0.80859375 0.09296875 0.03671875 0.0234375
0 0.740625 0.4390625 0.03203125 0.021875
0 0.72890625 0.51171875 0.0484375 0.03359375
0 0.890625 0.6171875 0.028125 0.03203125
0 0.703125 0.58359375 0.03671875 0.0234375
0 0.69453125 0.6203125 0.03203125 0.0234375
0 0.68671875 0.6609375 0.053125 0.03828125
0 0.734375 0.7546875 0.028125 0.0265625
0 0.60546875 0.73984375 0.025 0.03359375
0 0.61796875 0.76484375 0.0265625 0.0234375
0 0.62265625 0.8296875 0.03515625 0.0265625
0 0.61328125 0.90546875 0.03359375 0.028125
0 0.6359375 0.92890625 0.03203125 0.03515625
0 0.665625 0.94140625 0.025 0.03359375
0 0.6890625 0.92265625 0.03203125 0.025
0 0.70859375 0.8671875 0.03359375 0.028125
0 0.7296875 0.784375 0.03359375 0.025
0 0.6921875 0.734375 0.03203125 0.025
0 0.56484375 0.19296875 0.03359375 0.03359375