0 0.33203125 0.22734375 0.05703125 0.06171875
0 0.39609375 0.29921875 0.03515625 0.0453125
0 0.43359375 0.3078125 0.0265625 0.03828125
0 0.340625 0.42890625 0.03203125 0.04140625
0 0.3953125 0.4421875 0.03671875 0.04140625
0 0.084375 0.45234375 0.03515625 0.04140625
0 0.4484375 0.4546875 0.03671875 0.04296875
0 0.259375 0.54765625 0.05859375 0.06171875
0 0.36484375 0.584375 0.03671875 0.03828125
0 0.40390625 0.59140625 0.03515625 0.03671875
0 0.484375 0.06015625 0.0453125 0.04296875
0 0.4234375 0.803125 0.03671875 0.03984375
0 0.2171875 0.80390625 0.03828125 0.0484375
0 0.33984375 0.0875 0.03671875 0.04140625
0 0.1796875 0.87421875 0.05 0.03828125
0 0.3765625 0.090625 0.03359375 0.04140625
0 0.265625 0.97265625 0.03515625 0.04140625
0 0.415625 0.09921875 0.03515625 0.04140625
0 0.5296875 0.128125 0.03671875 0.05