0 0.03046875 0.540625 0.028125 0.025
0 0.04140625 0.5515625 0.01640625 0.01640625
0 0.07890625 0.5359375 0.03828125 0.025
0 0.06328125 0.5546875 0.0234375 0.0203125
0 0.03828125 0.5703125 0.0234375 0.0203125
0 0.0640625 0.57734375 0.03203125 0.025
0 0.134375 0.5484375 0.028125 0.0265625
0 0.05234375 0.6265625 0.028125 0.03671875
0 0.07890625 0.62734375 0.025 0.03515625
0 0.10390625 0.61796875 0.021875 0.03671875
0 0.1296875 0.621875 0.0265625 0.03359375
0 0.15234375 0.63203125 0.028125 0.03359375
0 0.18046875 0.63515625 0.028125 0.03671875
0 0.22578125 0.715625 0.0484375 0.025
0 0.21953125 0.74921875 0.03828125 0.03515625
0 0.2734375 0.7140625 0.01328125 0.01796875
0 0.3 0.71796875 0.01640625 0.0203125
0 0.25234375 0.73984375 0.01796875 0.01328125
0 0.26796875 0.74453125 0.01640625 0.01484375
0 0.28984375 0.74765625 0.0234375 0.01484375
0 0.296875 0.56796875 0.03984375 0.03359375
0 0.3421875 0.5671875 0.028125 0.03828125
0 0.36953125 0.6515625 0.021875 0.0234375
0 0.42890625 0.5640625 0.0546875 0.0515625
0 0.53046875 0.58828125 0.04140625 0.03671875
0 0.571875 0.68515625 0.03984375 0.05
0 0.6390625 0.590625 0.028125 0.028125
0 0.690625 0.5953125 0.03203125 0.03671875
0 0.67421875 0.53828125 0.021875 0.0265625
0 0.70234375 0.53828125 0.03515625 0.0296875
0 0.7328125 0.56171875 0.0484375 0.03671875
0 0.715625 0.69609375 0.025 0.03203125
0 0.746875 0.7 0.0265625 0.03359375
0 0.80703125 0.709375 0.0265625 0.03515625
0 0.86640625 0.71484375 0.0296875 0.03359375
0 0.81953125 0.7890625 0.05859375 0.06171875