0 0.70859375 0.2140625 0.0296875 0.03515625
0 0.740625 0.215625 0.028125 0.03515625
0 0.11796875 0.25078125 0.0203125 0.01796875
0 0.5984375 0.25234375 0.0265625 0.028125
0 0.59921875 0.28515625 0.025 0.0265625
0 0.065625 0.29765625 0.01171875 0.01171875
0 0.465625 0.453125 0.01484375 0.01640625
0 0.48359375 0.45546875 0.01328125 0.01796875
0 0.53828125 0.45546875 0.01640625 0.025
0 0.640625 0.4578125 0.01171875 0.01484375
0 0.7921875 0.459375 0.01484375 0.01484375
0 0.596875 0.4921875 0.01328125 0.01484375
0 0.5609375 0.528125 0.01484375 0.01640625
0 0.8703125 0.534375 0.0234375 0.028125
0 0.74921875 0.5359375 0.028125 0.028125
0 0.68359375 0.56796875 0.03359375 0.0265625
0 0.25078125 0.8046875 0.025 0.0296875
0 0.21796875 0.80546875 0.0296875 0.03828125
0 0.31953125 0.871875 0.021875 0.0296875
0 0.2640625 0.8796875 0.01796875 0.0265625