0 0.51484375 0.1640625 0.0265625 0.025
0 0.4984375 0.23046875 0.046875 0.0453125
0 0.4953125 0.2984375 0.05 0.046875
0 0.56484375 0.37421875 0.05 0.0515625
0 0.73359375 0.23203125 0.05 0.046875
0 0.73359375 0.29140625 0.05 0.05
0 0.628125 0.28984375 0.046875 0.04296875
0 0.628125 0.35859375 0.05 0.046875
0 0.734375 0.35546875 0.0515625 0.0453125
0 0.95859375 0.3703125 0.053125 0.06015625
0 0.95703125 0.3109375 0.05 0.06171875
0 0.85859375 0.321875 0.053125 0.046875
0 0.86171875 0.36953125 0.05 0.04140625
0 0.8671875 0.565625 0.0453125 0.0484375
0 0.96328125 0.58203125 0.046875 0.03984375
0 0.396875 0.2453125 0.03984375 0.03671875
0 0.39609375 0.29453125 0.0515625 0.0453125
0 0.4984375 0.3671875 0.046875 0.0453125
0 0.49609375 0.425 0.04140625 0.03671875
0 0.628125 0.43046875 0.05 0.0453125
0 0.73203125 0.4171875 0.046875 0.03515625
0 0.73359375 0.48359375 0.05 0.03984375
0 0.62578125 0.4859375 0.0515625 0.0453125
0 0.6265625 0.53515625 0.046875 0.05
0 0.62578125 0.5828125 0.0453125 0.0453125
0 0.49921875 0.53828125 0.0515625 0.05
0 0.56328125 0.58515625 0.04296875 0.046875
0 0.9140625 0.646875 0.0453125 0.053125
0 0.96328125 0.646875 0.046875 0.053125
0 0.73984375 0.5359375 0.046875 0.0484375
0 0.73671875 0.58515625 0.046875 0.04296875
0 0.73515625 0.6328125 0.03671875 0.03515625
0 0.62890625 0.63203125 0.04140625 0.03671875
0 0.34296875 0.62734375 0.046875 0.0546875
0 0.20546875 0.903125 0.03203125 0.0234375
0 0.4015625 0.63203125 0.046875 0.04296875
0 0.290625 0.63984375 0.025 0.03359375
0 0.39609375 0.4875 0.0484375 0.0453125
0 0.39765625 0.38984375 0.0453125 0.04296875
0 0.396875 0.34140625 0.053125 0.046875
0 0.39765625 0.53515625 0.0453125 0.04296875
0 0.4 0.58515625 0.053125 0.05
0 0.1109375 0.5765625 0.025 0.0265625
0 0.14609375 0.575 0.025 0.0296875
0 0.17890625 0.5765625 0.021875 0.0296875
0 0.071875 0.21484375 0.0265625 0.0296875
0 0.1 0.22734375 0.0265625 0.025
0 0.21015625 0.57734375 0.0203125 0.028125
0 0.24296875 0.57890625 0.0234375 0.03515625
0 0.2359375 0.52734375 0.03203125 0.028125
0 0.24140625 0.48671875 0.0265625 0.0265625
0 0.23984375 0.459375 0.0234375 0.028125
0 0.2296875 0.42578125 0.0234375 0.025
0 0.12734375 0.22734375 0.025 0.03203125
0 0.16015625 0.22578125 0.0265625 0.028125
0 0.24140625 0.259375 0.0265625 0.028125
0 0.2421875 0.29453125 0.04140625 0.03515625