0 0.01640625 0.0953125 0.01640625 0.0234375
0 0.04296875 0.2125 0.0234375 0.028125
0 0.08046875 0.16328125 0.021875 0.0234375
0 0.096875 0.32734375 0.0203125 0.021875
0 0.12109375 0.3421875 0.021875 0.025
0 0.0703125 0.3125 0.0203125 0.028125
0 0.29296875 0.4328125 0.0265625 0.021875
0 0.44609375 0.43515625 0.021875 0.0203125
0 0.17265625 0.5640625 0.021875 0.01796875
0 0.2421875 0.58359375 0.01796875 0.0265625
0 0.3375 0.5296875 0.021875 0.0234375
0 0.884375 0.553125 0.021875 0.0203125
0 0.82421875 0.58046875 0.021875 0.021875
0 0.6921875 0.6546875 0.03203125 0.0265625
0 0.70234375 0.696875 0.021875 0.0203125
0 0.684375 0.709375 0.01796875 0.01796875
0 0.6359375 0.7171875 0.021875 0.028125
0 0.60546875 0.721875 0.025 0.0296875
0 0.5453125 0.75859375 0.0203125 0.0234375
0 0.49140625 0.7828125 0.03359375 0.03515625
0 0.46640625 0.809375 0.03359375 0.03515625
0 0.428125 0.825 0.03359375 0.03359375
0 0.41171875 0.853125 0.03671875 0.03984375
0 0.35703125 0.8609375 0.0296875 0.028125
0 0.315625 0.903125 0.01796875 0.0203125
0 0.146875 0.67578125 0.0203125 0.021875
0 0.1421875 0.72421875 0.01796875 0.01796875
0 0.23984375 0.734375 0.01640625 0.01796875
0 0.2375 0.77265625 0.021875 0.021875
0 0.25859375 0.79921875 0.0203125 0.021875
0 0.27734375 0.78203125 0.01796875 0.0234375
0 0.30546875 0.82890625 0.01796875 0.01796875
0 0.2453125 0.88359375 0.01640625 0.0203125
0 0.153125 0.925 0.0234375 0.0265625
0 0.17890625 0.89296875 0.025 0.0203125
0 0.225 0.6296875 0.0234375 0.0234375
0 0.4140625 0.54453125 0.021875 0.021875
0 0.43046875 0.534375 0.021875 0.021875
0 0.62734375 0.39921875 0.01484375 0.028125
0 0.51328125 0.48984375 0.01328125 0.01640625
0 0.55390625 0.4703125 0.01171875 0.0203125
0 0.5828125 0.4609375 0.01484375 0.021875
0 0.61796875 0.45859375 0.01328125 0.01640625
0 0.64921875 0.43203125 0.01796875 0.0203125
0 0.2484375 0.64140625 0.0234375 0.01640625
0 0.75234375 0.39296875 0.01171875 0.01328125
0 0.80234375 0.36953125 0.01171875 0.01171875
0 0.69140625 0.40390625 0.01328125 0.01796875
0 0.75390625 0.42734375 0.00859375 0.01171875
0 0.76640625 0.421875 0.01328125 0.01328125
0 0.7796875 0.41640625 0.01328125 0.01015625
0 0.79140625 0.40703125 0.01640625 0.01015625
0 0.8328125 0.3921875 0.01484375 0.01171875
0 0.871875 0.375 0.01328125 0.01328125
0 0.896875 0.3578125 0.01015625 0.01484375
0 0.9078125 0.34921875 0.01484375 0.01171875
0 0.5703125 0.465625 0.0203125 0.021875
0 0.72265625 0.3765625 0.01484375 0.01328125
0 0.73828125 0.37421875 0.01328125 0.01484375
0 0.75078125 0.36484375 0.01171875 0.01015625
0 0.77890625 0.35078125 0.01171875 0.01171875
0 0.79296875 0.34296875 0.00703125 0.01015625
0 0.84609375 0.3859375 0.01171875 0.00859375