0 0.46796875 0.6265625 0.0734375 0.0734375
0 0.33984375 0.53203125 0.0765625 0.0703125
0 0.0765625 0.2734375 0.04296875 0.046875
0 0.15859375 0.26171875 0.04296875 0.04296875
0 0.25078125 0.259375 0.0484375 0.0484375
0 0.34296875 0.26484375 0.04296875 0.05
0 0.4421875 0.27890625 0.0453125 0.0546875
0 0.525 0.2671875 0.03671875 0.0546875
0 0.62578125 0.2625 0.03828125 0.05859375
0 0.725 0.26015625 0.04296875 0.05703125
0 0.91953125 0.67421875 0.03515625 0.03515625
0 0.91953125 0.38515625 0.03515625 0.03671875
0 0.9296875 0.459375 0.0296875 0.03828125
0 0.9171875 0.58671875 0.03515625 0.03984375