0 0.40703125 0.61796875 0.046875 0.03984375
0 0.134375 0.38203125 0.04140625 0.04296875
0 0.0328125 0.371875 0.03515625 0.03671875
0 0.10703125 0.421875 0.03984375 0.03671875
0 0.09609375 0.4671875 0.0453125 0.03828125
0 0.0171875 0.52734375 0.034375 0.0453125
0 0.01015625 0.45546875 0.0203125 0.03203125
0 0.71640625 0.3390625 0.0265625 0.025
0 0.21796875 0.4609375 0.01640625 0.025
0 0.365625 0.49296875 0.03515625 0.0234375
0 0.27734375 0.3953125 0.025 0.0265625
0 0.27890625 0.4609375 0.025 0.028125
0 0.31484375 0.459375 0.0265625 0.03515625
0 0.2875 0.3671875 0.01796875 0.01796875
0 0.471875 0.32890625 0.0265625 0.021875
0 0.534375 0.32421875 0.028125 0.025
0 0.42578125 0.478125 0.03203125 0.0296875
0 0.4625 0.42734375 0.025 0.021875
0 0.49609375 0.41953125 0.021875 0.021875
0 0.76015625 0.271875 0.0234375 0.0265625
0 0.80703125 0.33203125 0.0203125 0.0234375