0 0.90703125 0.0203125 0.03359375 0.0296875
0 0.58359375 0.35078125 0.0265625 0.01796875
0 0.57734375 0.3984375 0.03203125 0.0234375
0 0.5765625 0.41796875 0.0296875 0.0203125
0 0.578125 0.44140625 0.03359375 0.0203125
0 0.57578125 0.46328125 0.03203125 0.0203125
0 0.5296875 0.4125 0.0296875 0.025
0 0.5234375 0.4359375 0.03359375 0.025
0 0.5234375 0.45703125 0.0296875 0.0203125
0 0.525 0.5265625 0.0265625 0.0234375
0 0.55703125 0.53203125 0.0265625 0.0234375
0 0.48203125 0.521875 0.0234375 0.0203125
0 0.4796875 0.56171875 0.0203125 0.01640625
0 0.47578125 0.59921875 0.01796875 0.01796875