0 0.89921875 0.278125 0.03828125 0.03359375
0 0.93671875 0.31796875 0.03671875 0.04296875
0 0.271875 0.4203125 0.03359375 0.0234375
0 0.3671875 0.52578125 0.03828125 0.04140625
0 0.45859375 0.6015625 0.03671875 0.046875
0 0.24453125 0.690625 0.04140625 0.0453125
0 0.31953125 0.7515625 0.0453125 0.03984375
0 0.3625 0.7171875 0.04140625 0.0484375
0 0.3953125 0.678125 0.03984375 0.046875
0 0.43046875 0.6421875 0.03828125 0.04140625
0 0.4984375 0.65703125 0.03671875 0.03984375
0 0.484375 0.68828125 0.03828125 0.03984375
0 0.5015625 0.72265625 0.03671875 0.04140625
0 0.45234375 0.709375 0.03515625 0.0453125
0 0.475 0.7421875 0.0296875 0.03515625
0 0.4484375 0.7828125 0.03671875 0.0453125
0 0.41171875 0.76328125 0.03359375 0.0296875
0 0.43671875 0.7453125 0.03671875 0.03671875
0 0.10078125 0.24453125 0.03515625 0.0453125
0 0.215625 0.2234375 0.028125 0.03671875
0 0.23828125 0.184375 0.0265625 0.04140625
0 0.3390625 0.17890625 0.028125 0.03828125
0 0.31640625 0.21171875 0.03359375 0.03671875
0 0.2953125 0.2484375 0.0234375 0.03671875
0 0.33203125 0.24765625 0.0296875 0.03203125
0 0.27265625 0.284375 0.03203125 0.03828125
0 0.30703125 0.28046875 0.0296875 0.03828125