0 0.68671875 0.51484375 0.0234375 0.0296875
0 0.46328125 0.3703125 0.0234375 0.0203125
0 0.44765625 0.38515625 0.01796875 0.0203125
0 0.421875 0.41484375 0.0234375 0.0234375
0 0.365625 0.47578125 0.01796875 0.021875
0 0.27109375 0.5109375 0.01796875 0.021875
0 0.35078125 0.49453125 0.01796875 0.021875
0 0.32265625 0.521875 0.021875 0.0203125
0 0.26328125 0.58984375 0.0203125 0.0203125
0 0.184375 0.6703125 0.021875 0.0203125
0 0.37578125 0.78203125 0.03515625 0.03671875
0 0.3859375 0.7234375 0.021875 0.0265625
0 0.40546875 0.515625 0.01796875 0.021875
0 0.4296875 0.4828125 0.0203125 0.01796875
0 0.44296875 0.46640625 0.01640625 0.0203125
0 0.41484375 0.58046875 0.01640625 0.021875
0 0.459375 0.53515625 0.021875 0.0234375
0 0.48515625 0.50390625 0.01640625 0.01796875
0 0.5 0.4875 0.0234375 0.01796875
0 0.515625 0.47265625 0.01796875 0.01796875
0 0.31953125 0.6046875 0.01796875 0.01640625
0 0.42109375 0.65078125 0.01796875 0.021875
0 0.46328125 0.67734375 0.0203125 0.01796875
0 0.47890625 0.58984375 0.028125 0.0234375
0 0.4515625 0.61953125 0.0203125 0.021875
0 0.30703125 0.6234375 0.01640625 0.01640625
0 0.2921875 0.63671875 0.01796875 0.0203125
0 0.265625 0.6671875 0.01796875 0.021875
0 0.25 0.68671875 0.01640625 0.0203125
0 0.4203125 0.31953125 0.0203125 0.021875