0 0.03046875 0.10078125 0.025 0.025
0 0.07578125 0.3640625 0.021875 0.01796875
0 0.62109375 0.7859375 0.03828125 0.04140625
0 0.97578125 0.85 0.025 0.0296875
0 0.4578125 0.78359375 0.021875 0.0265625
0 0.1796875 0.12734375 0.0203125 0.01484375
0 0.178125 0.159375 0.0234375 0.01484375
0 0.6609375 0.1140625 0.021875 0.021875
0 0.5921875 0.16484375 0.025 0.0203125
0 0.59453125 0.1375 0.01796875 0.01484375
0 0.6609375 0.1390625 0.01796875 0.01171875
0 0.56484375 0.78359375 0.0234375 0.0265625
0 0.140625 0.68046875 0.021875 0.03203125
0 0.1671875 0.68203125 0.025 0.0296875
0 0.2171875 0.68203125 0.025 0.0265625
0 0.2484375 0.68515625 0.0234375 0.0296875
0 0.2734375 0.68515625 0.0234375 0.0234375
0 0.21171875 0.7875 0.01640625 0.01796875
0 0.278125 0.7875 0.0265625 0.028125
0 0.32109375 0.78046875 0.028125 0.021875
0 0.3640625 0.7796875 0.025 0.0203125
0 0.4078125 0.778125 0.021875 0.0234375
0 0.59609375 0.0890625 0.01484375 0.01796875
0 0.9359375 0.78203125 0.028125 0.0234375
0 0.65546875 0.08828125 0.01484375 0.01328125
0 0.7640625 0.1703125 0.01171875 0.01015625
0 0.5125 0.78671875 0.021875 0.0265625