0 0.853125 0.4 0.0265625 0.0296875
0 0.8796875 0.4328125 0.03359375 0.028125
0 0.90078125 0.47578125 0.03203125 0.03203125
0 0.821875 0.553125 0.0296875 0.03359375
0 0.7171875 0.46328125 0.028125 0.0296875
0 0.6234375 0.4484375 0.03671875 0.03671875
0 0.42578125 0.44609375 0.03203125 0.03515625
0 0.37578125 0.45234375 0.03203125 0.03203125
0 0.284375 0.4890625 0.03515625 0.03515625
0 0.2578125 0.5359375 0.03515625 0.03515625
0 0.20390625 0.54921875 0.03515625 0.03828125
0 0.7984375 0.72578125 0.0296875 0.025