0 0.15 0.328125 0.03671875 0.03984375
0 0.0890625 0.2171875 0.01796875 0.01796875
0 0.22578125 0.34921875 0.028125 0.03828125
0 0.2234375 0.16015625 0.03671875 0.03984375
0 0.121875 0.1359375 0.04296875 0.0453125
0 0.26171875 0.0625 0.0234375 0.01796875
0 0.28515625 0.07109375 0.0234375 0.01796875
0 0.7875 0.26015625 0.028125 0.0265625
0 0.76328125 0.33046875 0.0296875 0.03203125
0 0.7234375 0.31328125 0.03359375 0.04296875
0 0.67734375 0.3015625 0.028125 0.0203125
0 0.63828125 0.37265625 0.0203125 0.01796875
0 0.7140625 0.39453125 0.028125 0.028125
0 0.7546875 0.4171875 0.03359375 0.025
0 0.6671875 0.478125 0.028125 0.0296875
0 0.63046875 0.46953125 0.025 0.028125
0 0.578125 0.45 0.04296875 0.046875