0 0.2984375 0.4015625 0.046875 0.03671875
0 0.2828125 0.52890625 0.028125 0.03203125
0 0.5265625 0.5828125 0.0203125 0.028125
0 0.603125 0.57578125 0.0203125 0.03203125
0 0.16640625 0.6140625 0.05 0.0546875
0 0.034375 0.7359375 0.0515625 0.03828125
0 0.49765625 0.84765625 0.028125 0.03203125
0 0.16171875 0.75703125 0.0234375 0.04296875
0 0.30390625 0.9796875 0.028125 0.03984375
0 0.36640625 0.19453125 0.0265625 0.028125
0 0.3796875 0.11640625 0.03359375 0.0296875
0 0.3984375 0.1515625 0.0296875 0.0296875
0 0.32890625 0.26171875 0.03203125 0.0296875
0 0.4640625 0.6625 0.025 0.028125
0 0.165625 0.92890625 0.04140625 0.0453125