0 0.6640625 0.9421875 0.04140625 0.0546875
0 0.82109375 0.9296875 0.0484375 0.03359375
0 0.84296875 0.29765625 0.03984375 0.028125
0 0.934375 0.47734375 0.04140625 0.03203125
0 0.2671875 0.78046875 0.03828125 0.04140625
0 0.22265625 0.778125 0.03828125 0.046875
0 0.1734375 0.71796875 0.046875 0.04296875
0 0.15234375 0.83984375 0.04140625 0.03984375
0 0.34765625 0.6578125 0.0453125 0.04140625
0 0.4515625 0.5859375 0.03984375 0.0484375
0 0.371875 0.61953125 0.03359375 0.03515625
0 0.50390625 0.62578125 0.03515625 0.03203125
0 0.725 0.6671875 0.03359375 0.04140625
0 0.84453125 0.846875 0.028125 0.03671875
0 0.92109375 0.2328125 0.03828125 0.03203125
0 0.9515625 0.18046875 0.03671875 0.03828125
0 0.9265625 0.8109375 0.03984375 0.03828125
0 0.3171875 0.478125 0.04140625 0.04296875
0 0.1953125 0.5296875 0.03984375 0.03984375
0 0.0484375 0.91953125 0.03671875 0.0484375
0 0.434375 0.93515625 0.04140625 0.04296875
0 0.51484375 0.8984375 0.03984375 0.053125
0 0.596875 0.790625 0.05703125 0.04140625
0 0.4640625 0.8109375 0.06171875 0.0453125
0 0.35859375 0.96171875 0.03359375 0.03671875
0 0.2703125 0.97265625 0.03671875 0.03203125
0 0.075 0.2125 0.03984375 0.03203125
0 0.128125 0.29296875 0.03984375 0.053125
0 0.16796875 0.3171875 0.0296875 0.04140625
0 0.825 0.459375 0.0234375 0.03515625
0 0.7953125 0.47265625 0.0234375 0.028125
0 0.025 0.3234375 0.03359375 0.03359375
0 0.2578125 0.34765625 0.021875 0.025