0 0.16640625 0.1171875 0.0765625 0.08203125
0 0.2515625 0.1203125 0.0703125 0.0765625
0 0.27890625 0.25546875 0.0453125 0.05859375
0 0.3125 0.38203125 0.03515625 0.03671875
0 0.1828125 0.47421875 0.028125 0.03515625
0 0.21953125 0.4765625 0.028125 0.04296875
0 0.103125 0.121875 0.0265625 0.0296875
0 0.340625 0.07265625 0.03203125 0.028125
0 0.71015625 0.4703125 0.06015625 0.05
0 0.68984375 0.51328125 0.053125 0.046875
0 0.2 0.5640625 0.0265625 0.03828125
0 0.184375 0.58671875 0.03203125 0.03984375
0 0.72421875 0.0296875 0.05859375 0.046875
0 0.82578125 0.15703125 0.0453125 0.04296875
0 0.91328125 0.2671875 0.046875 0.0453125
0 0.81640625 0.26796875 0.04296875 0.05703125
0 0.7109375 0.3171875 0.0484375 0.0484375