0 0.68359375 0.97109375 0.03359375 0.03203125
0 0.62890625 0.934375 0.03515625 0.03828125
0 0.3875 0.49140625 0.03203125 0.03671875
0 0.09140625 0.4578125 0.046875 0.0484375
0 0.2015625 0.41171875 0.03359375 0.03671875
0 0.2890625 0.4078125 0.028125 0.03515625
0 0.38984375 0.33046875 0.03671875 0.03828125
0 0.48046875 0.31640625 0.03203125 0.03984375
0 0.49921875 0.284375 0.03515625 0.03515625
0 0.490625 0.2453125 0.04140625 0.03359375
0 0.5859375 0.24140625 0.03203125 0.03671875
0 0.62578125 0.2515625 0.03828125 0.046875
0 0.66953125 0.23515625 0.03828125 0.03671875
0 0.68515625 0.1609375 0.03984375 0.03515625
0 0.740625 0.14296875 0.04140625 0.03671875
0 0.815625 0.175 0.03515625 0.03984375
0 0.87578125 0.084375 0.03828125 0.03828125
0 0.97734375 0.3265625 0.03203125 0.03359375
0 0.025 0.4390625 0.0296875 0.03515625