0 0.50078125 0.0171875 0.03203125 0.028125
0 0.38515625 0.31171875 0.01640625 0.01328125
0 0.5140625 0.3125 0.01484375 0.01484375
0 0.38203125 0.321875 0.01328125 0.01015625
0 0.23359375 0.33984375 0.0203125 0.01640625
0 0.10703125 0.33984375 0.01328125 0.01328125
0 0.05546875 0.34453125 0.01796875 0.01484375
0 0.05546875 0.371875 0.01796875 0.01640625
0 0.303125 0.3953125 0.01328125 0.01640625
0 0.3234375 0.3953125 0.01328125 0.01328125
0 0.38984375 0.39765625 0.01640625 0.021875
0 0.37265625 0.3984375 0.01796875 0.0203125
0 0.4171875 0.3984375 0.01796875 0.0234375
0 0.059375 0.4 0.01796875 0.01640625
0 0.14296875 0.4 0.0265625 0.01640625
0 0.334375 0.40078125 0.01484375 0.01484375
0 0.31015625 0.4015625 0.01328125 0.01328125
0 0.29453125 0.40234375 0.01484375 0.01484375
0 0.51171875 0.41328125 0.0265625 0.0203125
0 0.146875 0.4171875 0.0203125 0.01171875
0 0.0578125 0.41796875 0.021875 0.01640625
0 0.11171875 0.41796875 0.01328125 0.01328125
0 0.53984375 0.42109375 0.0234375 0.01484375
0 0.1203125 0.42578125 0.0203125 0.01171875
0 0.5515625 0.4265625 0.0265625 0.01640625
0 0.14140625 0.4265625 0.01640625 0.01328125
0 0.52265625 0.428125 0.028125 0.0203125
0 0.1484375 0.4328125 0.01640625 0.01171875
0 0.115625 0.43671875 0.01796875 0.01015625
0 0.05859375 0.43984375 0.01640625 0.01640625
0 0.121875 0.44765625 0.0234375 0.01171875
0 0.115625 0.45546875 0.01796875 0.01171875
0 0.146875 0.45546875 0.01640625 0.01171875
0 0.065625 0.45859375 0.01484375 0.01328125
0 0.0890625 0.46640625 0.01796875 0.0234375
0 0.11484375 0.4671875 0.01640625 0.01171875
0 0.121875 0.47421875 0.0234375 0.01171875
0 0.14140625 0.47578125 0.01640625 0.01484375
0 0.34140625 0.47890625 0.01640625 0.01484375
0 0.14609375 0.48515625 0.01484375 0.01328125
0 0.06171875 0.4859375 0.0234375 0.01171875
0 0.06484375 0.49453125 0.01328125 0.01171875
0 0.3484375 0.4953125 0.01640625 0.01328125
0 0.125 0.49609375 0.0234375 0.01796875
0 0.11484375 0.5046875 0.0203125 0.01328125
0 0.3546875 0.509375 0.0234375 0.01484375
0 0.06015625 0.5140625 0.0203125 0.01796875
0 0.146875 0.52578125 0.0296875 0.025
0 0.3546875 0.53046875 0.0265625 0.01796875
0 0.11796875 0.534375 0.01640625 0.01171875
0 0.07421875 0.5359375 0.01796875 0.01484375
0 0.12421875 0.54453125 0.021875 0.01484375
0 0.4046875 0.55078125 0.0265625 0.025
0 0.35390625 0.5515625 0.028125 0.0203125
0 0.14140625 0.55390625 0.01640625 0.01484375
0 0.121875 0.5703125 0.0234375 0.01640625
0 0.35390625 0.57109375 0.021875 0.01484375
0 0.86796875 0.571875 0.01640625 0.01640625
0 0.86796875 0.59140625 0.01640625 0.0203125
0 0.92421875 0.5921875 0.021875 0.028125
0 0.1234375 0.5921875 0.01640625 0.01171875
0 0.94609375 0.59296875 0.021875 0.0296875
0 0.88671875 0.59453125 0.01640625 0.021875
0 0.90234375 0.59453125 0.021875 0.028125
0 0.82734375 0.5953125 0.025 0.0265625
0 0.40546875 0.596875 0.025 0.01640625
0 0.79453125 0.59765625 0.021875 0.028125
0 0.74765625 0.6 0.025 0.0265625
0 0.6640625 0.60078125 0.021875 0.025
0 0.72265625 0.60078125 0.025 0.028125
0 0.77265625 0.60078125 0.021875 0.028125
0 0.68359375 0.6078125 0.01328125 0.01484375
0 0.12265625 0.61796875 0.01796875 0.01640625
0 0.40859375 0.61953125 0.0296875 0.025
0 0.35390625 0.625 0.01796875 0.01640625
0 0.20703125 0.63828125 0.0203125 0.0203125
0 0.14765625 0.64453125 0.01796875 0.01796875
0 0.359375 0.646875 0.03828125 0.0265625
0 0.903125 0.653125 0.0265625 0.03359375
0 0.72734375 0.6578125 0.01796875 0.025
0 0.746875 0.6578125 0.0203125 0.025
0 0.7671875 0.659375 0.025 0.025
0 0.79140625 0.659375 0.0234375 0.021875
0 0.92421875 0.659375 0.01484375 0.01796875
0 0.8171875 0.6609375 0.028125 0.03203125
0 0.66015625 0.66796875 0.0296875 0.0296875
0 0.58359375 0.66953125 0.0296875 0.03203125
0 0.61796875 0.67109375 0.03359375 0.03203125
0 0.36015625 0.671875 0.03671875 0.0234375
0 0.23984375 0.690625 0.03359375 0.025
0 0.703125 0.9375 0.0265625 0.025
0 0.678125 0.94921875 0.0265625 0.025
0 0.65390625 0.9703125 0.025 0.0234375
0 0.8203125 0.97578125 0.0265625 0.028125
0 0.6328125 0.98671875 0.025 0.0203125