0 0.746875 0.325 0.03984375 0.04296875
0 0.8890625 0.42734375 0.025 0.025
0 0.30703125 0.53984375 0.0203125 0.0234375
0 0.75078125 0.45234375 0.025 0.021875
0 0.7421875 0.47578125 0.021875 0.025
0 0.79765625 0.4671875 0.01484375 0.01796875
0 0.78671875 0.48984375 0.0234375 0.0265625
0 0.86640625 0.46640625 0.0234375 0.0234375
0 0.89296875 0.4734375 0.0203125 0.0234375
0 0.33359375 0.728125 0.0234375 0.0203125
0 0.3515625 0.6984375 0.0203125 0.01640625
0 0.35390625 0.7171875 0.01796875 0.01484375
0 0.36796875 0.70390625 0.0203125 0.01796875
0 0.3828125 0.68671875 0.021875 0.0203125