0 0.25859375 0.221875 0.0234375 0.0234375
0 0.275 0.2390625 0.0234375 0.025
0 0.28984375 0.25234375 0.0234375 0.025
0 0.30859375 0.27109375 0.0203125 0.01796875
0 0.25078125 0.3515625 0.021875 0.0234375
0 0.278125 0.365625 0.0265625 0.01796875
0 0.28671875 0.3859375 0.0265625 0.01796875
0 0.29453125 0.4125 0.025 0.01796875
0 0.3046875 0.43515625 0.0234375 0.01640625
0 0.23671875 0.428125 0.0234375 0.0203125
0 0.3625 0.26640625 0.025 0.0234375
0 0.37734375 0.2515625 0.028125 0.0234375
0 0.39296875 0.23671875 0.0234375 0.0234375
0 0.409375 0.2171875 0.028125 0.01796875
0 0.3625 0.2078125 0.025 0.021875
0 0.378125 0.18984375 0.0265625 0.0203125
0 0.284375 0.190625 0.028125 0.021875
0 0.3046875 0.2078125 0.0234375 0.021875
0 0.30703125 0.15078125 0.0234375 0.025
0 0.2890625 0.13515625 0.021875 0.0203125
0 0.271875 0.121875 0.0203125 0.0234375
0 0.2546875 0.10390625 0.0203125 0.025
0 0.27734375 0.09140625 0.028125 0.0234375
0 0.2984375 0.0921875 0.0234375 0.025
0 0.3203125 0.0953125 0.0234375 0.0234375
0 0.34296875 0.09296875 0.0234375 0.0265625
0 0.365625 0.0859375 0.021875 0.01796875
0 0.39296875 0.071875 0.0296875 0.0265625
0 0.38984375 0.0953125 0.0234375 0.0203125
0 0.4078125 0.1078125 0.025 0.021875
0 0.38671875 0.12109375 0.0234375 0.021875
0 0.37265625 0.13671875 0.028125 0.0234375
0 0.35703125 0.1546875 0.03359375 0.0265625
0 0.28046875 0.07421875 0.021875 0.028125