0 0.21953125 0.52421875 0.04140625 0.0453125
0 0.26484375 0.50703125 0.046875 0.053125
0 0.31640625 0.4921875 0.05703125 0.06796875
0 0.35703125 0.4671875 0.04296875 0.0453125
0 0.43984375 0.4390625 0.04296875 0.0453125
0 0.31953125 0.38203125 0.0515625 0.05
0 0.36171875 0.36953125 0.03671875 0.0453125
0 0.396875 0.34765625 0.03984375 0.0484375
0 0.58671875 0.378125 0.046875 0.053125
0 0.625 0.365625 0.04296875 0.0484375
0 0.7859375 0.2546875 0.04140625 0.04296875
0 0.83203125 0.2375 0.04296875 0.0453125
0 0.87578125 0.21640625 0.0453125 0.03984375
0 0.925 0.19609375 0.046875 0.04140625