0 0.57890625 0.9234375 0.03203125 0.0296875
0 0.27109375 0.6125 0.03203125 0.03203125
0 0.5375 0.603125 0.028125 0.03359375
0 0.26796875 0.44609375 0.03359375 0.03828125
0 0.309375 0.446875 0.03515625 0.04296875
0 0.44453125 0.45078125 0.03515625 0.04140625
0 0.48203125 0.45 0.03359375 0.03984375
0 0.5203125 0.44765625 0.03359375 0.03828125
0 0.5640625 0.4453125 0.03515625 0.04296875
0 0.60390625 0.44453125 0.03515625 0.04140625
0 0.6421875 0.4421875 0.03515625 0.03828125
0 0.828125 0.47734375 0.0296875 0.03203125
0 0.74609375 0.49140625 0.03515625 0.0296875
0 0.74921875 0.53046875 0.03515625 0.03828125
0 0.75078125 0.5734375 0.03203125 0.0296875
0 0.74296875 0.4125 0.03359375 0.03515625
0 0.7390625 0.3640625 0.03203125 0.028125
0 0.7359375 0.28671875 0.03203125 0.03359375