0 0.26171875 0.60859375 0.06640625 0.06328125
0 0.3625 0.61015625 0.06171875 0.06328125
0 0.059375 0.5390625 0.0546875 0.0484375
0 0.1921875 0.54140625 0.0515625 0.03984375
0 0.1328125 0.61015625 0.0453125 0.05
0 0.478125 0.61171875 0.06328125 0.06328125
0 0.57734375 0.61171875 0.05859375 0.06015625
0 0.821875 0.4875 0.05703125 0.05859375
0 0.9609375 0.52890625 0.04140625 0.0484375
0 0.68671875 0.35234375 0.03359375 0.0484375
0 0.7140625 0.37734375 0.04140625 0.03828125
0 0.74296875 0.3515625 0.03671875 0.03984375
0 0.75859375 0.4671875 0.03671875 0.03828125
0 0.82890625 0.36328125 0.04140625 0.04296875
0 0.6515625 0.03515625 0.03359375 0.04296875
0 0.68984375 0.04765625 0.03671875 0.04140625
0 0.6265625 0.18046875 0.03671875 0.04140625
0 0.75234375 0.19140625 0.03515625 0.03984375
0 0.83515625 0.12109375 0.046875 0.0453125
0 0.79765625 0.175 0.03515625 0.03359375
0 0.73515625 0.0546875 0.03359375 0.03984375