0 0.0859375 0.459375 0.075 0.078125
0 0.51953125 0.2984375 0.03515625 0.03359375
0 0.55703125 0.259375 0.0296875 0.03515625
0 0.5890625 0.30703125 0.03828125 0.03359375
0 0.5453125 0.38515625 0.03671875 0.0296875
0 0.86484375 0.27265625 0.05 0.0484375
0 0.95 0.30703125 0.05703125 0.053125
0 0.75703125 0.27265625 0.053125 0.06484375
0 0.70859375 0.2875 0.053125 0.05859375
0 0.6796875 0.27265625 0.0234375 0.028125
0 0.66484375 0.30546875 0.03359375 0.03203125
0 0.903125 0.42578125 0.0296875 0.03828125
0 0.88828125 0.38671875 0.03984375 0.05
0 0.8578125 0.3796875 0.03828125 0.06015625
0 0.71015625 0.39296875 0.05 0.05
0 0.77265625 0.37265625 0.04140625 0.06171875
0 0.796875 0.38515625 0.03984375 0.046875
0 0.81796875 0.36484375 0.04296875 0.06015625
0 0.6421875 0.38046875 0.03203125 0.025
0 0.74609375 0.38984375 0.0453125 0.053125