2 0.659375 0.6 0.02109375 0.0140625
2 0.64453125 0.63203125 0.021875 0.0171875
2 0.5515625 0.71171875 0.015625 0.0140625
2 0.45078125 0.72734375 0.02109375 0.015625
2 0.3875 0.6953125 0.025 0.01484375
2 0.42421875 0.6703125 0.0171875 0.0171875
2 0.44765625 0.64375 0.0140625 0.0203125
2 0.540625 0.653125 0.015625 0.01796875
2 0.52109375 0.6015625 0.021875 0.015625
2 0.5515625 0.5765625 0.01953125 0.015625
2 0.53359375 0.5578125 0.01796875 0.01796875
2 0.478125 0.58671875 0.01015625 0.01484375
2 0.446875 0.5734375 0.01328125 0.01484375
2 0.428125 0.58984375 0.0171875 0.0171875
2 0.39140625 0.590625 0.0140625 0.0171875
2 0.37890625 0.61328125 0.021875 0.0078125
2 0.3515625 0.61171875 0.02109375 0.01484375
2 0.328125 0.640625 0.0171875 0.02109375
2 0.30546875 0.6234375 0.01796875 0.015625
2 0.3046875 0.5890625 0.01171875 0.01796875
2 0.36796875 0.546875 0.0140625 0.0125
2 0.3390625 0.5328125 0.01796875 0.0125
2 0.3140625 0.5375 0.01015625 0.0171875
2 0.35546875 0.50546875 0.01953125 0.0125
2 0.315625 0.51015625 0.01796875 0.015625
2 0.29140625 0.5140625 0.0171875 0.0140625
2 0.45234375 0.54375 0.0140625 0.0125
2 0.4953125 0.5109375 0.01953125 0.0109375
2 0.5390625 0.5234375 0.01015625 0.02109375
2 0.52734375 0.503125 0.01328125 0.01953125
2 0.5734375 0.5265625 0.0140625 0.0171875
2 0.56171875 0.4890625 0.0171875 0.0125
2 0.46328125 0.7515625 0.0140625 0.02109375
2 0.55078125 0.4625 0.01796875 0.0125
2 0.52265625 0.4125 0.025 0.0125
2 0.4828125 0.421875 0.0171875 0.009375
2 0.421875 0.271875 0.015625 0.00859375
2 0.43671875 0.290625 0.01171875 0.01171875
2 0.36875 0.34375 0.0234375 0.0140625
2 0.39375 0.384375 0.0234375 0.015625
2 0.32109375 0.42578125 0.02109375 0.0140625
2 0.28671875 0.37734375 0.0171875 0.0171875
2 0.25078125 0.60703125 0.01796875 0.0203125
2 0.21640625 0.57265625 0.0171875 0.01484375
2 0.25078125 0.559375 0.01328125 0.0171875
2 0.22109375 0.54765625 0.02109375 0.0140625
2 0.21484375 0.525 0.0171875 0.015625
2 0.25625 0.4859375 0.0171875 0.0140625
2 0.22890625 0.47265625 0.015625 0.0078125
2 0.19765625 0.4796875 0.01796875 0.0109375
2 0.1765625 0.5171875 0.01796875 0.0171875
2 0.1515625 0.5078125 0.01953125 0.009375
2 0.1328125 0.5296875 0.01953125 0.009375
2 0.11875 0.5171875 0.021875 0.0125
2 0.2046875 0.44921875 0.025 0.01171875
2 0.82109375 0.4203125 0.0234375 0.01796875
2 0.89140625 0.38984375 0.021875 0.0125
2 0.05546875 0.08671875 0.0234375 0.009375
