2 0.81875 0.2625 0.06640625 0.13359375
2 0.7375 0.20859375 0.04765625 0.11484375
2 0.709375 0.46953125 0.03359375 0.09921875
2 0.559375 0.46171875 0.01796875 0.02578125
2 0.8265625 0.628125 0.05703125 0.1140625
2 0.70859375 0.6890625 0.040625 0.09140625
2 0.65546875 0.66328125 0.0296875 0.05
2 0.73125 0.90234375 0.04453125 0.08515625
2 0.66015625 0.87734375 0.025 0.04609375
2 0.571875 0.8546875 0.0265625 0.04609375
2 0.56015625 0.91953125 0.0125 0.02421875
2 0.59375 0.65625 0.02421875 0.04296875
