2 0.5859375 0.77109375 0.02578125 0.075
2 0.8609375 0.86171875 0.00625 0.0125
2 0.84453125 0.13359375 0.00546875 0.01015625
2 0.84140625 0.15234375 0.0046875 0.0109375
2 0.8078125 0.1484375 0.0046875 0.009375
2 0.85078125 0.1296875 0.0046875 0.009375
2 0.86015625 0.16015625 0.00625 0.0109375
2 0.98203125 0.24609375 0.00625 0.0171875
2 0.740625 0.4484375 0.00625 0.01328125
2 0.7296875 0.4734375 0.0046875 0.01484375
2 0.38203125 0.35390625 0.01171875 0.0140625
2 0.1421875 0.44375 0.00546875 0.01328125
2 0.2 0.5578125 0.0078125 0.0125
2 0.22265625 0.6171875 0.00546875 0.0109375
2 0.18125 0.59921875 0.0078125 0.01484375
2 0.2625 0.2125 0.00703125 0.0125
2 0.1484375 0.340625 0.00546875 0.0125
2 0.02109375 0.040625 0.01015625 0.0140625
2 0.028125 0.18359375 0.01015625 0.03984375
2 0.3 0.03125 0.00546875 0.0125
2 0.28359375 0.10234375 0.00390625 0.01171875
2 0.1859375 0.66640625 0.00390625 0.0140625
2 0.1875 0.74765625 0.0046875 0.0125
2 0.15390625 0.82890625 0.0078125 0.01171875
2 0.10625 0.89140625 0.01015625 0.01328125
2 0.940625 0.1421875 0.04453125 0.0546875
2 0.984375 0.17109375 0.03046875 0.04609375
2 0.99609375 0.21328125 0.0046875 0.00859375
