1 0.6765625 0.04140625 0.03125 0.02890625
1 0.61328125 0.578125 0.178125 0.1171875
1 0.50859375 0.01875 0.0828125 0.0375
1 0.0953125 0.2734375 0.071875 0.15859375
1 0.27421875 0.4328125 0.1640625 0.103125
1 0.628125 0.7625 0.1171875 0.203125
1 0.54609375 0.9109375 0.06640625 0.1109375
1 0.83984375 0.78984375 0.140625 0.24609375
1 0.69609375 0.2109375 0.0453125 0.0328125
1 0.56328125 0.39140625 0.04296875 0.0234375
1 0.77265625 0.5171875 0.046875 0.053125
1 0.3875 0.2203125 0.0453125 0.0375
1 0.3671875 0.40625 0.046875 0.02734375
1 0.01640625 0.5453125 0.0328125 0.0234375
1 0.88125 0.1984375 0.0484375 0.0453125
1 0.98359375 0.353125 0.0328125 0.03125
1 0.13515625 0.015625 0.02578125 0.02421875
1 0.8328125 0.11796875 0.11171875 0.08984375