2 0.38828125 0.009375 0.0296875 0.01875
2 0.3734375 0.40234375 0.053125 0.05546875
2 0.18515625 0.51328125 0.03359375 0.03828125
2 0.03984375 0.4359375 0.02890625 0.03828125
2 0.1578125 0.37734375 0.021875 0.0359375
2 0.1734375 0.31640625 0.02890625 0.02890625
2 0.21171875 0.3015625 0.02890625 0.03359375
2 0.31015625 0.13828125 0.0265625 0.03359375
2 0.66953125 0.22578125 0.03828125 0.03359375
2 0.4890625 0.18125 0.03359375 0.03125
2 0.38203125 0.1578125 0.03125 0.03359375
2 0.28984375 0.26171875 0.02890625 0.02890625
