2 0.82109375 0.82578125 0.0859375 0.1
2 0.34921875 0.73046875 0.0109375 0.0109375
2 0.3 0.6328125 0.0078125 0.0125
2 0.196875 0.66640625 0.0109375 0.0125
2 0.146875 0.44765625 0.015625 0.015625
2 0.1515625 0.28984375 0.01875 0.0234375
2 0.259375 0.10390625 0.0234375 0.0296875
2 0.41953125 0.06328125 0.0171875 0.028125
2 0.65546875 0.221875 0.015625 0.0203125
2 0.85390625 0.25546875 0.0171875 0.015625
2 0.3875 0.43515625 0.03125 0.0359375
2 0.403125 0.41171875 0.028125 0.0390625
2 0.41875 0.38515625 0.03125 0.0390625
2 0.4328125 0.3625 0.0359375 0.040625
2 0.02109375 0.70390625 0.021875 0.025
