2 0.39921875 0.659375 0.0140625 0.01875
2 0.36640625 0.646875 0.021875 0.0234375
2 0.34609375 0.5390625 0.0234375 0.025
2 0.2859375 0.5484375 0.01875 0.01875
2 0.421875 0.55 0.021875 0.025
2 0.39609375 0.5234375 0.015625 0.021875
2 0.4734375 0.57421875 0.021875 0.0203125
2 0.5078125 0.56328125 0.01875 0.0234375
2 0.440625 0.53125 0.021875 0.025
2 0.4765625 0.53828125 0.01875 0.015625
2 0.53671875 0.54921875 0.0203125 0.0203125
2 0.496875 0.5265625 0.0203125 0.0171875
2 0.4875 0.49453125 0.0125 0.0203125
2 0.4109375 0.478125 0.0171875 0.015625
2 0.23203125 0.51171875 0.0234375 0.0171875
2 0.2421875 0.47421875 0.0234375 0.01875
2 0.25078125 0.46484375 0.0203125 0.021875
2 0.271875 0.4515625 0.0234375 0.025
2 0.30390625 0.38671875 0.0171875 0.01875
2 0.328125 0.4234375 0.0171875 0.0203125
2 0.35546875 0.446875 0.0171875 0.015625
2 0.4109375 0.4265625 0.0171875 0.0171875
2 0.42578125 0.4453125 0.0140625 0.0125
2 0.45390625 0.45078125 0.015625 0.0171875
2 0.578125 0.4828125 0.0171875 0.0265625
2 0.5859375 0.52265625 0.0109375 0.021875
2 0.38671875 0.38046875 0.009375 0.0203125
2 0.40859375 0.390625 0.01875 0.0140625
2 0.38671875 0.3515625 0.0140625 0.01875
2 0.359375 0.32734375 0.0203125 0.021875
2 0.375 0.3046875 0.015625 0.0171875
2 0.41015625 0.30390625 0.0203125 0.01875
2 0.4515625 0.36875 0.015625 0.01875
2 0.465625 0.33828125 0.015625 0.0203125
2 0.4921875 0.35390625 0.015625 0.0234375
2 0.4640625 0.31328125 0.0171875 0.015625
2 0.490625 0.3171875 0.015625 0.0203125
2 0.484375 0.290625 0.015625 0.0234375
2 0.39375 0.25078125 0.0234375 0.01875
2 0.440625 0.25 0.01875 0.021875
2 0.42734375 0.2140625 0.0171875 0.0203125
2 0.453125 0.2234375 0.01875 0.0234375
2 0.47421875 0.21484375 0.0171875 0.0234375
2 0.5140625 0.25390625 0.0171875 0.0234375
2 0.52734375 0.225 0.0171875 0.0203125
2 0.54765625 0.20390625 0.0125 0.021875
2 0.5203125 0.19609375 0.015625 0.021875
2 0.48359375 0.17890625 0.015625 0.0203125
2 0.49140625 0.15078125 0.015625 0.01875
2 0.4703125 0.13359375 0.0125 0.021875
2 0.48125 0.11875 0.0125 0.0203125
2 0.4890625 0.10546875 0.0078125 0.0203125
2 0.5546875 0.1625 0.015625 0.021875
2 0.72734375 0.42265625 0.0125 0.021875
2 0.71015625 0.43671875 0.0125 0.015625
2 0.71015625 0.4671875 0.015625 0.021875
2 0.71953125 0.46015625 0.0171875 0.021875
2 0.7109375 0.37265625 0.01875 0.028125
2 0.6984375 0.34453125 0.0125 0.01875
2 0.67890625 0.35859375 0.0140625 0.021875
2 0.6578125 0.36875 0.0125 0.021875
2 0.64765625 0.37578125 0.0125 0.01875
2 0.62734375 0.390625 0.015625 0.0234375
2 0.6171875 0.39453125 0.0203125 0.025
2 0.66953125 0.36171875 0.01875 0.0234375
2 0.63203125 0.31171875 0.0140625 0.015625
2 0.6453125 0.30703125 0.015625 0.0203125
2 0.65234375 0.3390625 0.0203125 0.021875
2 0.57265625 0.32109375 0.0171875 0.0234375
2 0.575 0.8140625 0.0328125 0.04375
2 0.61171875 0.88984375 0.0328125 0.034375
2 0.91484375 0.05234375 0.0234375 0.03125
