2 0.2953125 0.2140625 0.0171875 0.01953125
2 0.33671875 0.22265625 0.0171875 0.01953125
2 0.2859375 0.24296875 0.01953125 0.0171875
2 0.32109375 0.25859375 0.021875 0.021875
2 0.3578125 0.2984375 0.02421875 0.01953125
2 0.31640625 0.30390625 0.01953125 0.02421875
2 0.26328125 0.30390625 0.021875 0.01953125
2 0.2125 0.44375 0.01953125 0.021875
2 0.384375 0.39453125 0.0171875 0.02421875
2 0.353125 0.45546875 0.021875 0.021875
2 0.27734375 0.50234375 0.01953125 0.0140625
2 0.33671875 0.51953125 0.0171875 0.0171875
2 0.2390625 0.56484375 0.01953125 0.01953125
2 0.2984375 0.57109375 0.01953125 0.0171875
2 0.2484375 0.615625 0.02890625 0.01953125
2 0.2796875 0.646875 0.021875 0.021875
2 0.33515625 0.69453125 0.02421875 0.0171875
2 0.27890625 0.7171875 0.01953125 0.01953125
2 0.30859375 0.73046875 0.01953125 0.0265625
2 0.27421875 0.77421875 0.0171875 0.0140625
2 0.2046875 0.87265625 0.01953125 0.01953125
2 0.2125 0.709375 0.02890625 0.021875
2 0.1984375 0.62734375 0.0265625 0.021875
2 0.13359375 0.6734375 0.0140625 0.01953125
2 0.1546875 0.728125 0.01953125 0.0171875
2 0.28359375 0.36640625 0.01953125 0.021875
2 0.3390625 0.35234375 0.01953125 0.01953125
2 0.28515625 0.4359375 0.01953125 0.01953125
2 0.28359375 0.27890625 0.0265625 0.01953125
2 0.290625 0.80625 0.0171875 0.0171875
