2 0.09765625 0.5171875 0.03828125 0.040625
2 0.4203125 0.821875 0.053125 0.05078125
2 0.3859375 0.06875 0.03359375 0.040625
2 0.475 0.225 0.03125 0.0453125
2 0.703125 0.134375 0.0578125 0.05546875
2 0.32578125 0.2859375 0.0625 0.05546875
2 0.084375 0.2203125 0.03125 0.0578125
2 0.18359375 0.36640625 0.0484375 0.06015625
2 0.06484375 0.396875 0.03125 0.0453125
2 0.2515625 0.51953125 0.0453125 0.0484375
2 0.6296875 0.50390625 0.0484375 0.05078125
2 0.5015625 0.5875 0.053125 0.06015625
2 0.85 0.4046875 0.0359375 0.0484375
2 0.3328125 0.68515625 0.04296875 0.040625
2 0.2171875 0.78515625 0.0484375 0.0578125
2 0.571875 0.73046875 0.0484375 0.0484375
2 0.29453125 0.94453125 0.03359375 0.04296875
