2 0.5 0.5 0.0640625 0.10546875
2 0.18359375 0.2015625 0.015625 0.0234375
2 0.31328125 0.07890625 0.02734375 0.0453125
2 0.3984375 0.12421875 0.0296875 0.0390625
2 0.35546875 0.165625 0.02734375 0.040625
2 0.378125 0.21796875 0.0171875 0.02734375
2 0.446875 0.225 0.0234375 0.03515625
2 0.43359375 0.3171875 0.0328125 0.0484375
2 0.428125 0.03046875 0.0328125 0.046875
2 0.4890625 0.1375 0.0296875 0.0390625
2 0.56875 0.121875 0.0375 0.04296875
2 0.54765625 0.2453125 0.03125 0.046875
2 0.659375 0.18359375 0.03515625 0.040625
2 0.6734375 0.34765625 0.0296875 0.04296875
2 0.7890625 0.303125 0.0390625 0.0546875
2 0.81171875 0.17265625 0.03515625 0.04296875
2 0.89453125 0.2984375 0.0390625 0.0484375
2 0.90234375 0.4046875 0.0296875 0.040625
2 0.82109375 0.453125 0.03125 0.053125
2 0.74921875 0.38984375 0.0390625 0.05625
2 0.39765625 0.6484375 0.015625 0.01953125
2 0.15703125 0.6890625 0.04296875 0.0609375
2 0.09375 0.96875 0.02734375 0.040625
2 0.84453125 0.34296875 0.025 0.02734375
2 0.02734375 0.0765625 0.0546875 0.15234375
2 0.390625 0.60078125 0.0546875 0.09375
2 0.8078125 0.4203125 0.109375 0.1390625
2 0.1953125 0.7453125 0.0609375 0.078125
2 0.8078125 0.9390625 0.05859375 0.05078125
