2 0.5953125 0.675 0.08984375 0.0453125
2 0.40703125 0.32734375 0.09765625 0.0453125
2 0.65234375 0.5515625 0.03515625 0.0328125
2 0.5125 0.42890625 0.03515625 0.025
2 0.41875 0.6765625 0.046875 0.0296875
2 0.23828125 0.78203125 0.05078125 0.0375
2 0.1234375 0.76171875 0.0328125 0.0296875
2 0.11328125 0.70703125 0.0484375 0.02734375
2 0.1734375 0.659375 0.0375 0.0296875
2 0.1390625 0.56171875 0.01953125 0.01953125
2 0.1046875 0.54296875 0.0375 0.0328125
2 0.0515625 0.434375 0.05078125 0.02734375
2 0.16875 0.409375 0.040625 0.021875
2 0.16484375 0.45 0.04296875 0.0234375
2 0.06953125 0.3296875 0.0375 0.021875
2 0.11015625 0.078125 0.071875 0.05859375
2 0.1125 0.11875 0.0140625 0.015625
2 0.5609375 0.1109375 0.015625 0.0171875
2 0.65234375 0.02265625 0.040625 0.0328125
