2 0.8546875 0.46484375 0.140625 0.12890625
2 0.83203125 0.490625 0.13671875 0.11875
2 0.64375 0.684375 0.15625 0.13671875
2 0.6328125 0.709375 0.1390625 0.1265625
2 0.57109375 0.5359375 0.15234375 0.13125
2 0.65703125 0.53203125 0.15 0.1328125
2 0.5203125 0.421875 0.1078125 0.0921875
2 0.5546875 0.4015625 0.125 0.115625
2 0.6546875 0.40703125 0.1328125 0.11328125
2 0.75625 0.175 0.10546875 0.078125
2 0.47734375 0.7953125 0.09765625 0.09765625
2 0.4453125 0.82734375 0.08984375 0.09375
2 0.334375 0.63359375 0.1234375 0.13671875
2 0.309375 0.68671875 0.1390625 0.14453125
2 0.175 0.69140625 0.084375 0.0875
2 0.140625 0.69921875 0.09765625 0.0875
