2 0.5859375 0.92578125 0.26171875 0.1484375
2 0.890625 0.921875 0.19375 0.0609375
2 0.53203125 0.4421875 0.21875 0.11875
2 0.40625 0.796875 0.1265625 0.0609375
2 0.11640625 0.29375 0.08984375 0.1546875
2 0.6953125 0.1453125 0.0703125 0.12890625
2 0.8515625 0.38359375 0.06875 0.115625
2 0.8640625 0.2640625 0.0546875 0.09765625
2 0.875 0.1578125 0.046875 0.084375
2 0.40546875 0.64375 0.0546875 0.0296875
2 0.4953125 0.640625 0.025 0.021875
2 0.5203125 0.5765625 0.04296875 0.0296875
2 0.475 0.5296875 0.05078125 0.0375
2 0.3140625 0.5453125 0.0234375 0.02734375
2 0.03984375 0.371875 0.0171875 0.0140625
2 0.0625 0.24140625 0.021875 0.021875
2 0.13125 0.1234375 0.0796875 0.12890625
2 0.3578125 0.99375 0.03515625 0.01171875
2 0.39375 0.9796875 0.03515625 0.0328125
2 0.80078125 0.08671875 0.0375 0.02734375
