2 0.275 0.721875 0.07578125 0.2875
2 0.20546875 0.84921875 0.02578125 0.025
2 0.0515625 0.5953125 0.009375 0.01015625
2 0.334375 0.5875 0.01015625 0.01015625
2 0.29375 0.0953125 0.021875 0.09921875
2 0.3453125 0.1546875 0.01328125 0.0140625
2 0.240625 0.2203125 0.01015625 0.015625
2 0.05 0.03515625 0.0140625 0.01015625
2 0.828125 0.4359375 0.05859375 0.07578125
2 0.75625 0.40859375 0.0140625 0.01953125
2 0.89921875 0.44921875 0.009375 0.0140625
2 0.890625 0.46640625 0.01015625 0.01015625
2 0.9125 0.75625 0.01015625 0.01171875
2 0.9890625 0.8421875 0.00625 0.0078125
2 0.99375 0.80625 0.00625 0.01328125
