2 0.76328125 0.334375 0.03828125 0.03828125
2 0.8640625 0.40859375 0.03359375 0.03828125
2 0.77734375 0.43515625 0.05078125 0.02890625
2 0.875 0.515625 0.03828125 0.02890625
2 0.91953125 0.6046875 0.03359375 0.03359375
2 0.94609375 0.7078125 0.03828125 0.02890625
2 0.890625 0.74609375 0.0359375 0.03125
2 0.7640625 0.55078125 0.0453125 0.0359375
2 0.7078125 0.609375 0.040625 0.03125
2 0.69453125 0.5109375 0.03828125 0.02890625
2 0.78125 0.75390625 0.04296875 0.0359375
2 0.74609375 0.8703125 0.0484375 0.0453125
2 0.65390625 0.86796875 0.04296875 0.03359375
2 0.59609375 0.70546875 0.02890625 0.02890625
2 0.56484375 0.6359375 0.04296875 0.03359375
2 0.68046875 0.759375 0.03828125 0.02421875
2 0.5953125 0.95078125 0.0578125 0.0453125
2 0.48671875 0.959375 0.05078125 0.03828125
2 0.4171875 0.9328125 0.040625 0.040625
2 0.515625 0.84609375 0.0484375 0.03828125
2 0.49765625 0.734375 0.05546875 0.04296875
2 0.43046875 0.834375 0.03359375 0.03125
2 0.29921875 0.86328125 0.0359375 0.03359375
