2 0.890625 0.33046875 0.21875 0.05546875
2 0.71640625 0.42578125 0.03125 0.26953125
2 0.51796875 0.7828125 0.040625 0.04296875
2 0.525 0.828125 0.0453125 0.04296875
2 0.46640625 0.83046875 0.0578125 0.0453125
2 0.41328125 0.83671875 0.0265625 0.03359375
2 0.6734375 0.490625 0.0484375 0.040625
2 0.4109375 0.603125 0.03359375 0.01953125
2 0.396875 0.725 0.02890625 0.0265625
2 0.4359375 0.5421875 0.009375 0.05546875
2 0.60546875 0.48203125 0.0265625 0.01953125
2 0.60546875 0.5 0.0265625 0.01953125
2 0.4078125 0.63671875 0.02890625 0.01953125
2 0.5671875 0.85078125 0.0140625 0.071875
