2 0.83671875 0.1375 0.03125 0.021875
2 0.775 0.27421875 0.01875 0.028125
2 0.7609375 0.02578125 0.034375 0.03125
2 0.68828125 0.2625 0.03125 0.0421875
2 0.6859375 0.09609375 0.0328125 0.0484375
2 0.5921875 0.12421875 0.05625 0.0515625
2 0.47734375 0.14453125 0.0515625 0.075
2 0.065625 0.3421875 0.028125 0.0578125
2 0.8125 0.459375 0.01875 0.06796875
2 0.8359375 0.41953125 0.02578125 0.05859375
2 0.8203125 0.43125 0.0203125 0.05
2 0.95625 0.6625 0.0484375 0.04375
2 0.81484375 0.765625 0.040625 0.078125
2 0.6109375 0.58671875 0.0203125 0.05
2 0.4546875 0.42265625 0.0515625 0.028125
2 0.29921875 0.3546875 0.05 0.0296875
2 0.35234375 0.340625 0.0515625 0.028125
2 0.94453125 0.25234375 0.0140625 0.0171875
2 0.88515625 0.23046875 0.01796875 0.01875
2 0.91640625 0.2 0.01640625 0.0203125
2 0.86875 0.1171875 0.01875 0.01640625
2 0.85 0.07265625 0.0234375 0.02109375
2 0.7015625 0.00625 0.0109375 0.0125
2 0.10390625 0.54609375 0.02109375 0.02734375
2 0.42578125 0.746875 0.0515625 0.02890625
