2 0.70390625 0.7859375 0.01796875 0.0203125
2 0.66328125 0.778125 0.0171875 0.01953125
2 0.7140625 0.7578125 0.01953125 0.015625
2 0.6796875 0.7421875 0.02109375 0.021875
2 0.6421875 0.7015625 0.025 0.0203125
2 0.68359375 0.69609375 0.0203125 0.0234375
2 0.73671875 0.69609375 0.021875 0.01875
2 0.78671875 0.55703125 0.01953125 0.02265625
2 0.61484375 0.60546875 0.01796875 0.02421875
2 0.646875 0.54453125 0.02109375 0.021875
2 0.721875 0.49765625 0.01875 0.01484375
2 0.66328125 0.48046875 0.0171875 0.0171875
2 0.7609375 0.43515625 0.01953125 0.01953125
2 0.7015625 0.4296875 0.0203125 0.01796875
2 0.75078125 0.384375 0.0296875 0.0203125
2 0.71953125 0.353125 0.02265625 0.02265625
2 0.66484375 0.30546875 0.0234375 0.01796875
2 0.72109375 0.2828125 0.01953125 0.0203125
2 0.690625 0.26953125 0.01953125 0.02578125
2 0.7265625 0.22578125 0.015625 0.01484375
2 0.7953125 0.12734375 0.01953125 0.01953125
2 0.78671875 0.290625 0.0296875 0.02109375
2 0.8015625 0.37265625 0.02734375 0.021875
2 0.86640625 0.3265625 0.0140625 0.01953125
2 0.8453125 0.27109375 0.01875 0.01796875
2 0.71640625 0.63359375 0.01953125 0.021875
2 0.6609375 0.6484375 0.0203125 0.01875
2 0.715625 0.5640625 0.01875 0.0203125
2 0.71640625 0.72109375 0.0265625 0.01953125
2 0.70859375 0.19375 0.01796875 0.0171875
