2 0.09765625 0.51640625 0.0390625 0.03984375
2 0.42109375 0.821875 0.053125 0.0515625
2 0.3859375 0.06796875 0.03359375 0.04140625
2 0.47421875 0.225 0.03046875 0.0453125
2 0.703125 0.13515625 0.0578125 0.0546875
2 0.32578125 0.2859375 0.06171875 0.05625
2 0.084375 0.21953125 0.03203125 0.0578125
2 0.18359375 0.36640625 0.04921875 0.059375
2 0.06484375 0.39609375 0.03125 0.04609375
2 0.25078125 0.51953125 0.04609375 0.046875
2 0.6296875 0.50390625 0.0484375 0.05078125
2 0.50078125 0.5875 0.053125 0.0609375
2 0.84921875 0.4046875 0.0359375 0.046875
2 0.3328125 0.68515625 0.04375 0.040625
2 0.21796875 0.78515625 0.04921875 0.05703125
2 0.57265625 0.73046875 0.0484375 0.046875
2 0.29453125 0.94453125 0.03359375 0.0421875
