1 0.940625 0.690625 0.11875 0.13125
1 0.925 0.67109375 0.14296875 0.13203125
1 0.76640625 0.5890625 0.10859375 0.1265625
1 0.5609375 0.50390625 0.1515625 0.1765625
1 0.5984375 0.37109375 0.15390625 0.1546875
1 0.5609375 0.33828125 0.1296875 0.13984375
1 0.390625 0.3078125 0.103125 0.13671875
1 0.36953125 0.26015625 0.07890625 0.1109375
1 0.25625 0.42578125 0.10703125 0.1546875
1 0.0828125 0.4453125 0.07890625 0.11015625
1 0.125 0.4390625 0.06796875 0.0875
1 0.3046875 0.43984375 0.0640625 0.090625
1 0.2921875 0.19296875 0.034375 0.028125