1 0.23203125 0.69453125 0.0671875 0.0578125
1 0.24375 0.86328125 0.0625 0.0625
1 0.35 0.8328125 0.0671875 0.0890625
1 0.31875 0.74375 0.06953125 0.0484375
1 0.31015625 0.61796875 0.05078125 0.03359375
1 0.3921875 0.515625 0.03828125 0.03125
1 0.428125 0.4984375 0.0359375 0.02890625
1 0.37890625 0.64921875 0.06953125 0.040625
1 0.603125 0.41796875 0.04296875 0.05078125
1 0.40859375 0.7328125 0.06484375 0.06953125
1 0.45546875 0.6203125 0.040625 0.02890625
1 0.46015625 0.66015625 0.05546875 0.05546875
1 0.51953125 0.63671875 0.05078125 0.04296875
1 0.6765625 0.5515625 0.053125 0.05078125
1 0.7171875 0.44609375 0.053125 0.03828125
1 0.69609375 0.36796875 0.04296875 0.02890625
1 0.88203125 0.33046875 0.03359375 0.040625