1 0.23671875 0.665625 0.03828125 0.03828125
1 0.1359375 0.59140625 0.03359375 0.03828125
1 0.22265625 0.56484375 0.05078125 0.02890625
1 0.125 0.484375 0.03828125 0.02890625
1 0.08046875 0.3953125 0.03359375 0.03359375
1 0.05390625 0.2921875 0.03828125 0.02890625
1 0.109375 0.25390625 0.0359375 0.03125
1 0.2359375 0.44921875 0.0453125 0.0359375
1 0.2921875 0.390625 0.040625 0.03125
1 0.30546875 0.4890625 0.03828125 0.02890625
1 0.21875 0.24609375 0.04296875 0.0359375
1 0.25390625 0.1296875 0.0484375 0.0453125
1 0.34609375 0.13203125 0.04296875 0.03359375
1 0.40390625 0.29453125 0.02890625 0.02890625
1 0.43515625 0.3640625 0.04296875 0.03359375
1 0.31953125 0.240625 0.03828125 0.02421875
1 0.4046875 0.04921875 0.0578125 0.0453125
1 0.51328125 0.040625 0.05078125 0.03828125
1 0.5828125 0.0671875 0.040625 0.040625
1 0.484375 0.15390625 0.0484375 0.03828125
1 0.50234375 0.265625 0.05546875 0.04296875
1 0.56953125 0.165625 0.03359375 0.03125
1 0.70078125 0.13671875 0.0359375 0.03359375