1 0.584375 0.06015625 0.03125 0.053125
1 0.665625 0.15859375 0.03125 0.05078125
1 0.77890625 0.09609375 0.03125 0.0453125
1 0.66328125 0.3328125 0.04296875 0.0453125
1 0.6875 0.46171875 0.03125 0.0453125
1 0.68046875 0.771875 0.03125 0.0484375
1 0.72109375 0.82578125 0.021875 0.03125
1 0.66328125 0.53359375 0.02421875 0.03359375
1 0.72265625 0.52421875 0.02421875 0.03125
1 0.73203125 0.39921875 0.02890625 0.0453125
1 0.73828125 0.3296875 0.02890625 0.040625
1 0.85703125 0.24296875 0.03125 0.03828125
1 0.8125 0.1875 0.02890625 0.0484375
1 0.928125 0.1453125 0.03125 0.0484375
1 0.95546875 0.0609375 0.02890625 0.02890625